   3.4692383e+01   1.3641483e+02   2.9690972e-01
   3.5142312e+01   1.3641473e+02   4.0690972e-01
   3.5669096e+01   1.3640877e+02   5.1202971e-01
   3.6274459e+01   1.3639157e+02   1.4388826e+00
   3.6953525e+01   1.3636677e+02   1.5174910e+00
   3.7715130e+01   1.3632531e+02   1.6361784e+00
   3.8566869e+01   1.3626665e+02   1.6530611e+00
   3.9440210e+01   1.3618224e+02   1.7066842e+00
   4.0335207e+01   1.3607654e+02   1.7201231e+00
   4.1246418e+01   1.3594337e+02   1.7657826e+00
   4.2177912e+01   1.3578624e+02   1.8227100e+00
   4.3127021e+01   1.3560654e+02   1.8521339e+00
   4.4088788e+01   1.3540119e+02   1.9087367e+00
   4.5063699e+01   1.3517332e+02   1.9391942e+00
   4.6048144e+01   1.3492028e+02   1.9767321e+00
   4.7044358e+01   1.3464206e+02   2.0245465e+00
   4.8042105e+01   1.3434280e+02   2.0491962e+00
   4.9031553e+01   1.3402307e+02   2.0963590e+00
   5.0004728e+01   1.3368922e+02   2.0907425e+00
   5.0955327e+01   1.3333775e+02   2.1295401e+00
   5.1889223e+01   1.3297352e+02   2.1573206e+00
   5.2806415e+01   1.3259653e+02   2.1874130e+00
   5.3703807e+01   1.3220948e+02   2.3094570e+00
   5.4581936e+01   1.3181999e+02   2.3366237e+00
   5.5440751e+01   1.3142358e+02   3.0028203e+00
   5.6280358e+01   1.3102918e+02   3.5738460e+00
   5.7101701e+01   1.3064083e+02   4.0632966e+00
   5.7911407e+01   1.3025172e+02   4.4828256e+00
   5.8712682e+01   1.2986808e+02   4.8424220e+00
   5.9510859e+01   1.2948716e+02   5.1506474e+00
   6.0312619e+01   1.2910665e+02   5.4148406e+00
   6.1108587e+01   1.2872799e+02   5.6412920e+00
   6.1898709e+01   1.2834673e+02   5.8353931e+00
   6.2680319e+01   1.2796422e+02   5.3572187e+00
   6.3453765e+01   1.2757242e+02   5.5919017e+00
   6.4223170e+01   1.2717933e+02   5.7930586e+00
   6.4981827e+01   1.2678503e+02   5.9654788e+00
   6.5734180e+01   1.2638723e+02   6.1132675e+00
   6.6477616e+01   1.2599177e+02   6.2399436e+00
   6.7211219e+01   1.2559688e+02   6.3485231e+00
   6.7933644e+01   1.2520212e+02   6.4415912e+00
   6.8644943e+01   1.2481197e+02   6.5213639e+00
   6.9351366e+01   1.2442546e+02   6.5897405e+00
   7.0055204e+01   1.2404703e+02   6.0481292e+00
   7.0762707e+01   1.2367571e+02   5.5406079e+00
   7.1470346e+01   1.2331557e+02   5.0603209e+00
   7.2183050e+01   1.2296745e+02   4.6633629e+00
   7.2903918e+01   1.2262862e+02   4.2903365e+00
   7.3634323e+01   1.2230175e+02   3.9655905e+00
   7.4377391e+01   1.2198635e+02   3.6957094e+00
   7.5128218e+01   1.2168383e+02   3.4379452e+00
   7.5893971e+01   1.2139499e+02   3.1951281e+00
   7.6669801e+01   1.2112571e+02   3.0124677e+00
   7.7457890e+01   1.2087148e+02   2.8507243e+00
   7.8257806e+01   1.2063366e+02   2.7137556e+00
   7.9068662e+01   1.2041271e+02   2.5994049e+00
   7.9894470e+01   1.2020767e+02   2.5174127e+00
   8.0732537e+01   1.2001769e+02   2.4679762e+00
   8.1585071e+01   1.1984050e+02   2.4295791e+00
   8.2448059e+01   1.1967705e+02   2.4043958e+00
   8.3319265e+01   1.1952736e+02   2.3724621e+00
   8.4195133e+01   1.1939328e+02   2.3400335e+00
   8.5073885e+01   1.1927570e+02   2.3461061e+00
   8.5955036e+01   1.1917152e+02   2.2966701e+00
   8.6838210e+01   1.1908654e+02   2.2861416e+00
   8.7721573e+01   1.1901721e+02   2.2560214e+00
   8.8605155e+01   1.1896577e+02   2.2566906e+00
   8.9480872e+01   1.1892963e+02   2.2074459e+00
   9.0351472e+01   1.1891413e+02   2.1592573e+00
   9.1213832e+01   1.1891974e+02   2.1110433e+00
   9.2067062e+01   1.1894694e+02   2.0465530e+00
   9.2914341e+01   1.1899970e+02   2.0163151e+00
   9.3752922e+01   1.1907269e+02   1.9608343e+00
   9.4581968e+01   1.1917085e+02   1.9283723e+00
   9.5401885e+01   1.1929058e+02   1.8824543e+00
   9.6214505e+01   1.1943545e+02   1.8329931e+00
   9.7019853e+01   1.1960769e+02   1.8158387e+00
   9.7819655e+01   1.1980191e+02   1.7832943e+00
   9.8618894e+01   1.2002342e+02   1.7875745e+00
   9.9416600e+01   1.2026597e+02   1.7938393e+00
   1.0021547e+02   1.2053042e+02   1.7990291e+00
   1.0101730e+02   1.2081810e+02   1.8272202e+00
   1.0182027e+02   1.2112543e+02   1.8511609e+00
   1.0262617e+02   1.2145375e+02   1.8861713e+00
   1.0343275e+02   1.2180085e+02   1.9552409e+00
   1.0424491e+02   1.2216532e+02   2.0247057e+00
   1.0505499e+02   1.2254324e+02   2.1241266e+00
   1.0586117e+02   1.2293104e+02   2.1553007e+00
   1.0666485e+02   1.2333363e+02   2.2241569e+00
   1.0746373e+02   1.2374657e+02   2.2927439e+00
   1.0826052e+02   1.2417071e+02   2.3584796e+00
   1.0905655e+02   1.2460649e+02   2.4749751e+00
   1.0985134e+02   1.2505078e+02   2.5856531e+00
   1.1064624e+02   1.2550402e+02   3.2162741e+00
   1.1144168e+02   1.2596485e+02   3.7568063e+00
   1.1223895e+02   1.2642924e+02   4.2201197e+00
   1.1303851e+02   1.2689808e+02   4.6172455e+00
   1.1384034e+02   1.2736912e+02   4.9576390e+00
   1.1464758e+02   1.2784412e+02   5.2494048e+00
   1.1545840e+02   1.2831953e+02   5.4994899e+00
   1.1627009e+02   1.2879224e+02   5.7138484e+00
   1.1708665e+02   1.2926131e+02   5.8975844e+00
   1.1790539e+02   1.2972589e+02   6.0550723e+00
   1.1872674e+02   1.3018462e+02   5.6857446e+00
   1.1955160e+02   1.3063705e+02   5.8734954e+00
   1.2037416e+02   1.3108503e+02   6.0344246e+00
   1.2119799e+02   1.3152673e+02   6.1723640e+00
   1.2202309e+02   1.3196216e+02   6.2905977e+00
   1.2284902e+02   1.3239265e+02   6.3919409e+00
   1.2367673e+02   1.3282224e+02   6.4788065e+00
   1.2450843e+02   1.3324864e+02   6.5532627e+00
   1.2534098e+02   1.3367235e+02   6.6170823e+00
   1.2617397e+02   1.3409471e+02   6.6717848e+00
   1.2700467e+02   1.3451262e+02   6.7186727e+00
   1.2783305e+02   1.3492386e+02   6.7588623e+00
   1.2865865e+02   1.3532753e+02   6.7933106e+00
   1.2949091e+02   1.3572664e+02   6.2491837e+00
   1.3032799e+02   1.3611764e+02   5.8237783e+00
   1.3117396e+02   1.3650407e+02   5.9918100e+00
   1.3201942e+02   1.3688513e+02   5.4238393e+00
   1.3288303e+02   1.3725121e+02   5.6490051e+00
   1.3373225e+02   1.3761121e+02   5.2268751e+00
   1.3458762e+02   1.3796129e+02   4.7992598e+00
   1.3544546e+02   1.3829435e+02   4.4599836e+00
   1.3630761e+02   1.3861394e+02   4.8228431e+00
   1.3716518e+02   1.3892463e+02   4.4411900e+00
   1.3802477e+02   1.3921742e+02   4.8067343e+00
   1.3886677e+02   1.3949789e+02   4.3694014e+00
   1.3971922e+02   1.3975498e+02   4.1169827e+00
   1.4055132e+02   1.3999443e+02   3.7680084e+00
   1.4138041e+02   1.4020619e+02   3.5561796e+00
   1.4220125e+02   1.4040194e+02   3.3034131e+00
   1.4302182e+02   1.4057534e+02   3.1294276e+00
   1.4383323e+02   1.4073095e+02   2.9312231e+00
   1.4464436e+02   1.4086421e+02   2.7332579e+00
   1.4546412e+02   1.4097053e+02   2.7485060e+00
   1.4627929e+02   1.4106796e+02   2.6383663e+00
   1.4708530e+02   1.4114761e+02   2.6145664e+00
   1.4790909e+02   1.4121810e+02   2.5784047e+00
   1.4871484e+02   1.4127539e+02   2.5193826e+00
   1.4952488e+02   1.4131921e+02   3.1594708e+00
   1.5033493e+02   1.4136304e+02   3.7081179e+00
   1.5114498e+02   1.4140686e+02   4.1783867e+00
   1.5196392e+02   1.4144610e+02   4.5814743e+00
   1.5278286e+02   1.4148534e+02   4.2419244e+00
   1.5360611e+02   1.4151111e+02   4.6359352e+00
   1.5442046e+02   1.4154147e+02   4.3662990e+00
   1.5523940e+02   1.4158071e+02   4.1349483e+00
   1.5605376e+02   1.4161106e+02   3.8556004e+00
   1.5686381e+02   1.4165488e+02   4.3048003e+00
   1.5768275e+02   1.4169412e+02   4.0858412e+00
   1.5850627e+02   1.4174225e+02   4.5021496e+00
   1.5932979e+02   1.4179039e+02   4.8589854e+00
   1.6014442e+02   1.4184310e+02   4.5611508e+00
   1.6096363e+02   1.4190470e+02   4.1734760e+00
   1.6176964e+02   1.4198435e+02   3.8209667e+00
   1.6257592e+02   1.4208636e+02   3.6777320e+00
   1.6338679e+02   1.4219726e+02   3.4109201e+00
   1.6418445e+02   1.4232621e+02   3.1681624e+00
   1.6498239e+02   1.4247752e+02   3.7155678e+00
   1.6578491e+02   1.4263771e+02   3.4025905e+00
   1.6657881e+02   1.4282485e+02   3.2322359e+00
   1.6735494e+02   1.4302115e+02   3.0155044e+00
   1.6813133e+02   1.4323981e+02   2.8323631e+00
   1.6889453e+02   1.4347651e+02   2.6719089e+00
   1.6964453e+02   1.4373127e+02   2.5883501e+00
   1.7039022e+02   1.4399950e+02   2.5170125e+00
   1.7113160e+02   1.4428120e+02   2.4563906e+00
   1.7186867e+02   1.4457636e+02   2.3546489e+00
   1.7260601e+02   1.4489389e+02   2.2330024e+00
   1.7333474e+02   1.4523836e+02   2.1708150e+00
   1.7406374e+02   1.4560518e+02   2.2022355e+00
   1.7480190e+02   1.4598979e+02   2.1117765e+00
   1.7553144e+02   1.4640133e+02   2.1086826e+00
   1.7627473e+02   1.4683954e+02   2.0412095e+00
   1.7700939e+02   1.4730469e+02   2.0368318e+00
   1.7774433e+02   1.4779220e+02   2.0087704e+00
   1.7848412e+02   1.4831096e+02   1.9922230e+00
   1.7921072e+02   1.4884776e+02   2.0136935e+00
   1.7993758e+02   1.4940693e+02   2.0006743e+00
   1.8065125e+02   1.4998415e+02   1.9899664e+00
   1.8135172e+02   1.5057942e+02   2.7056855e+00
   1.8205677e+02   1.5118357e+02   2.5977818e+00
   1.8274862e+02   1.5180578e+02   2.5553244e+00
   1.8344074e+02   1.5245035e+02   2.6255257e+00
   1.8412397e+02   1.5309949e+02   3.2504506e+00
   1.8481179e+02   1.5375753e+02   3.1656159e+00
   1.8549529e+02   1.5442904e+02   3.0593051e+00
   1.8617907e+02   1.5512290e+02   3.6222615e+00
   1.8686285e+02   1.5581676e+02   3.6775728e+00
   1.8755579e+02   1.5652841e+02   3.6926007e+00
   1.8823526e+02   1.5723574e+02   3.5243043e+00
   1.8891500e+02   1.5796544e+02   4.0208323e+00
   1.8959932e+02   1.5870402e+02   3.9045201e+00
   1.9027475e+02   1.5944718e+02   3.7547774e+00
   1.9094587e+02   1.6020382e+02   4.2183806e+00
   1.9162158e+02   1.6096934e+02   4.6157548e+00
   1.9230186e+02   1.6174375e+02   4.4239796e+00
   1.9297326e+02   1.6252274e+02   4.7919825e+00
   1.9364923e+02   1.6331062e+02   4.6421347e+00
   1.9431174e+02   1.6409420e+02   4.6220788e+00
   1.9499229e+02   1.6489097e+02   4.9617818e+00
   1.9567285e+02   1.6568774e+02   5.2529559e+00
   1.9635341e+02   1.6648451e+02   5.5025336e+00
   1.9703854e+02   1.6729017e+02   5.2683879e+00
   1.9773715e+02   1.6810014e+02   5.0679769e+00
   1.9842229e+02   1.6890580e+02   5.3439802e+00
   1.9911200e+02   1.6972035e+02   5.5805545e+00
   1.9979714e+02   1.7052601e+02   5.7833324e+00
   2.0048228e+02   1.7133167e+02   5.9571421e+00
   2.0116283e+02   1.7212844e+02   6.1061218e+00
   2.0184339e+02   1.7292521e+02   5.7080731e+00
   2.0251505e+02   1.7372656e+02   5.8926341e+00
   2.0318214e+02   1.7451902e+02   5.5896113e+00
   2.0386270e+02   1.7531579e+02   5.3296000e+00
   2.0452978e+02   1.7610825e+02   5.5682286e+00
   2.0519687e+02   1.7690071e+02   5.7727674e+00
   2.0586396e+02   1.7769318e+02   5.4182577e+00
   2.0653993e+02   1.7848106e+02   5.6442209e+00
   2.0721591e+02   1.7926894e+02   5.8379036e+00
   2.0789188e+02   1.8005682e+02   5.4754499e+00
   2.0857675e+02   1.8084012e+02   5.2430431e+00
   2.0927508e+02   1.8162773e+02   5.4940370e+00
   2.0997342e+02   1.8241534e+02   5.1342120e+00
   2.1067606e+02   1.8318948e+02   5.4007532e+00
   2.1137870e+02   1.8396362e+02   5.1060332e+00
   2.1209023e+02   1.8473318e+02   5.3765999e+00
   2.1280177e+02   1.8550274e+02   5.0292410e+00
   2.1351761e+02   1.8625883e+02   5.3107780e+00
   2.1423345e+02   1.8701492e+02   5.5520954e+00
   2.1494929e+02   1.8777101e+02   5.7589389e+00
   2.1566055e+02   1.8851821e+02   5.3485696e+00
   2.1637612e+02   1.8925194e+02   5.5844882e+00
   2.1709627e+02   1.8999456e+02   5.7867042e+00
   2.1781184e+02   1.9072829e+02   5.2680456e+00
   2.1854061e+02   1.9144397e+02   4.9833818e+00
   2.1926049e+02   1.9216423e+02   4.5773133e+00
   2.1999356e+02   1.9286644e+02   4.9234114e+00
   2.2072206e+02   1.9355976e+02   4.7989749e+00
   2.2146402e+02   1.9425739e+02   4.4186787e+00
   2.2221919e+02   1.9493697e+02   4.2589211e+00
   2.2298324e+02   1.9561197e+02   4.1243396e+00
   2.2375618e+02   1.9628239e+02   3.8729705e+00
   2.2454690e+02   1.9694365e+02   4.3196890e+00
   2.2533762e+02   1.9760490e+02   4.0111136e+00
   2.2614154e+02   1.9824811e+02   3.9216582e+00
   2.2695435e+02   1.9888674e+02   3.7617125e+00
   2.2777146e+02   1.9951189e+02   3.7100833e+00
   2.2859747e+02   2.0013247e+02   3.5788025e+00
   2.2942778e+02   2.0073958e+02   3.3753045e+00
   2.3027129e+02   2.0132863e+02   3.3843447e+00
   2.3112370e+02   2.0191311e+02   3.2103686e+00
   2.3198930e+02   2.0247953e+02   3.7517445e+00
   2.3285489e+02   2.0304596e+02   3.4797073e+00
   2.3374258e+02   2.0358975e+02   3.3791981e+00
   2.3463458e+02   2.0412008e+02   3.2557216e+00
   2.3554435e+02   2.0464124e+02   3.1888327e+00
   2.3645843e+02   2.0514894e+02   3.0027646e+00
   2.3739460e+02   2.0563400e+02   2.9462387e+00
   2.3834855e+02   2.0610990e+02   2.9282246e+00
   2.3930681e+02   2.0657233e+02   2.7413532e+00
   2.4027799e+02   2.0699436e+02   2.6716077e+00
   2.4126237e+02   2.0739833e+02   2.6143341e+00
   2.4225995e+02   2.0778425e+02   2.5254044e+00
   2.4326615e+02   2.0814323e+02   2.4927155e+00
   2.4428554e+02   2.0848417e+02   2.4225348e+00
   2.4531355e+02   2.0879816e+02   2.4044351e+00
   2.4634129e+02   2.0908979e+02   2.4632945e+00
   2.4737334e+02   2.0936796e+02   2.4443376e+00
   2.4841859e+02   2.0962807e+02   2.4215722e+00
   2.4946357e+02   2.0986582e+02   2.3618837e+00
   2.5051716e+02   2.1007664e+02   3.0244717e+00
   2.5156617e+02   2.1027857e+02   3.5924043e+00
   2.5261060e+02   2.1047160e+02   3.3991901e+00
   2.5365476e+02   2.1064228e+02   3.9135915e+00
   2.5469892e+02   2.1081296e+02   3.7248276e+00
   2.5573392e+02   2.1096586e+02   4.1927094e+00
   2.5677781e+02   2.1111418e+02   3.9601044e+00
   2.5781253e+02   2.1124472e+02   4.3943752e+00
   2.5884726e+02   2.1137526e+02   4.2085817e+00
   2.5986394e+02   2.1149260e+02   4.6073557e+00
   2.6088950e+02   2.1160536e+02   4.9491620e+00
   2.6190618e+02   2.1172270e+02   4.6317060e+00
   2.6292716e+02   2.1182657e+02   4.9700337e+00
   2.6395273e+02   2.1193934e+02   5.2600289e+00
   2.6498287e+02   2.1206099e+02   4.9032916e+00
   2.6601733e+02   2.1216917e+02   4.5975345e+00
   2.6704748e+02   2.1229082e+02   4.9407438e+00
   2.6808651e+02   2.1240789e+02   5.2349233e+00
   2.6911208e+02   2.1252065e+02   5.4870771e+00
   2.7016000e+02   2.1263314e+02   5.7032090e+00
   2.7119904e+02   2.1275021e+02   5.2865764e+00
   2.7224238e+02   2.1285381e+02   4.9294628e+00
   2.7328142e+02   2.1297088e+02   4.6233654e+00
   2.7432476e+02   2.1307448e+02   4.9628846e+00
   2.7535922e+02   2.1318266e+02   4.6502721e+00
   2.7639798e+02   2.1327737e+02   4.9859475e+00
   2.7744132e+02   2.1338097e+02   4.7080984e+00
   2.7846662e+02   2.1347138e+02   5.0355129e+00
   2.7950538e+02   2.1356609e+02   4.7125249e+00
   2.8053984e+02   2.1367427e+02   4.4356780e+00
   2.8157860e+02   2.1376898e+02   4.8020097e+00
   2.8262194e+02   2.1387258e+02   5.1160083e+00
   2.8366987e+02   2.1398507e+02   5.3851500e+00
   2.8471779e+02   2.1409756e+02   5.6158429e+00
   2.8576572e+02   2.1421005e+02   5.8135796e+00
   2.8681822e+02   2.1433143e+02   5.9830682e+00
   2.8787073e+02   2.1445281e+02   6.1283442e+00
   2.8892323e+02   2.1457419e+02   6.2528665e+00
   2.8996685e+02   2.1470015e+02   6.3595998e+00
   2.9101046e+02   2.1482611e+02   6.4510856e+00
   2.9204519e+02   2.1495665e+02   6.5295019e+00
   2.9307992e+02   2.1508719e+02   6.5967159e+00
   2.9411464e+02   2.1521773e+02   6.6543279e+00
   2.9512701e+02   2.1534854e+02   6.7037097e+00
   2.9613049e+02   2.1548393e+02   6.1292938e+00
   2.9712966e+02   2.1563279e+02   6.2536804e+00
   2.9812425e+02   2.1577277e+02   5.7404209e+00
   2.9911453e+02   2.1592621e+02   5.9203608e+00
   3.0009592e+02   2.1608423e+02   6.0745949e+00
   3.0109078e+02   2.1624656e+02   6.2067957e+00
   3.0209022e+02   2.1641779e+02   6.3201106e+00
   3.0309424e+02   2.1659790e+02   6.4172376e+00
   3.0408938e+02   2.1678259e+02   6.5004894e+00
   3.0509798e+02   2.1697159e+02   6.5718481e+00
   3.0610658e+02   2.1716059e+02   6.6330126e+00
   3.0712866e+02   2.1735390e+02   6.6854394e+00
   3.0814615e+02   2.1753831e+02   6.7303766e+00
   3.0916364e+02   2.1772273e+02   6.7688942e+00
   3.1019002e+02   2.1790257e+02   6.8019094e+00
   3.1121182e+02   2.1807352e+02   6.8302080e+00
   3.1222473e+02   2.1824905e+02   6.2436740e+00
   3.1324195e+02   2.1841111e+02   6.3517206e+00
   3.1424570e+02   2.1856886e+02   6.4443319e+00
   3.1524945e+02   2.1872662e+02   6.5237131e+00
   3.1624862e+02   2.1887548e+02   6.0049628e+00
   3.1723001e+02   2.1903350e+02   6.1471110e+00
   3.1820682e+02   2.1918263e+02   5.6718900e+00
   3.1916586e+02   2.1934093e+02   5.2288437e+00
   3.2012058e+02   2.1951269e+02   4.8704456e+00
   3.2105752e+02   2.1969362e+02   5.1746676e+00
   3.2199905e+02   2.1988344e+02   4.8153958e+00
   3.2292280e+02   2.2008241e+02   5.1274821e+00
   3.2385112e+02   2.2029028e+02   5.3949847e+00
   3.2478403e+02   2.2050703e+02   4.9747763e+00
   3.2572610e+02   2.2074157e+02   5.2640940e+00
   3.2665928e+02   2.2098068e+02   4.8682764e+00
   3.2760162e+02   2.2123757e+02   5.1728084e+00
   3.2853938e+02   2.2148557e+02   5.4338357e+00
   3.2949519e+02   2.2174678e+02   5.6575735e+00
   3.3045989e+02   2.2200340e+02   5.8493487e+00
   3.3143348e+02   2.2225544e+02   6.0137275e+00
   3.3241165e+02   2.2251637e+02   5.5358397e+00
   3.3339413e+02   2.2276382e+02   5.7450055e+00
   3.3439008e+02   2.2301559e+02   5.9242904e+00
   3.3537256e+02   2.2326305e+02   5.4598432e+00
   3.3635934e+02   2.2349704e+02   5.6798656e+00
   3.3733266e+02   2.2372672e+02   5.8684562e+00
   3.3831487e+02   2.2395182e+02   5.4095993e+00
   3.3929277e+02   2.2419039e+02   5.6367994e+00
   3.4027955e+02   2.2442438e+02   5.2134223e+00
   3.4126203e+02   2.2467184e+02   5.4686477e+00
   3.4224451e+02   2.2491930e+02   5.6874123e+00
   3.4322699e+02   2.2516676e+02   5.8749248e+00
   3.4421405e+02   2.2542311e+02   6.0356499e+00
   3.4520111e+02   2.2567946e+02   5.5508385e+00
   3.4619733e+02   2.2595359e+02   5.7578616e+00
   3.4719355e+02   2.2622771e+02   5.9353099e+00
   3.4820324e+02   2.2650615e+02   5.4777709e+00
   3.4922209e+02   2.2680236e+02   5.0947773e+00
   3.5024525e+02   2.2708511e+02   4.7664970e+00
   3.5126410e+02   2.2738132e+02   5.0855688e+00
   3.5229184e+02   2.2767296e+02   5.3590590e+00
   3.5331958e+02   2.2796459e+02   5.5934791e+00
   3.5433385e+02   2.2825191e+02   5.7944107e+00
   3.5535270e+02   2.2854813e+02   5.9666377e+00
   3.5636697e+02   2.2883545e+02   5.5107563e+00
   3.5737693e+02   2.2913625e+02   5.7235054e+00
   3.5837800e+02   2.2944162e+02   5.9058617e+00
   3.5937449e+02   2.2973811e+02   5.4533583e+00
   3.6036668e+02   2.3004807e+02   5.6743071e+00
   3.6134539e+02   2.3035371e+02   5.8636918e+00
   3.6232868e+02   2.3066825e+02   6.0260215e+00
   3.6329851e+02   2.3097848e+02   5.5442700e+00
   3.6425055e+02   2.3129787e+02   5.7522314e+00
   3.6522065e+02   2.3163045e+02   5.9304841e+00
   3.6618617e+02   2.3195415e+02   5.4664662e+00
   3.6714737e+02   2.3229132e+02   5.6855424e+00
   3.6810858e+02   2.3262849e+02   5.8733221e+00
   3.6906979e+02   2.3296565e+02   6.0342761e+00
   3.7003099e+02   2.3330282e+02   6.1722366e+00
   3.7099220e+02   2.3363999e+02   5.6835492e+00
   3.7196257e+02   2.3399493e+02   5.8716136e+00
   3.7293293e+02   2.3434988e+02   6.0328117e+00
   3.7390330e+02   2.3470482e+02   6.1709814e+00
   3.7488256e+02   2.3505519e+02   6.2894127e+00
   3.7584835e+02   2.3540125e+02   6.3909251e+00
   3.7681413e+02   2.3574730e+02   6.4779358e+00
   3.7777992e+02   2.3609336e+02   6.5525164e+00
   3.7875918e+02   2.3644373e+02   6.6164426e+00
   3.7973385e+02   2.3678520e+02   6.6712366e+00
   3.8071742e+02   2.3712210e+02   6.7182028e+00
   3.8169210e+02   2.3746357e+02   6.7584595e+00
   3.8266219e+02   2.3779616e+02   6.1787512e+00
   3.8363660e+02   2.3811528e+02   6.2960724e+00
   3.8460211e+02   2.3843897e+02   6.3966335e+00
   3.8556763e+02   2.3876267e+02   6.4828287e+00
   3.8652856e+02   2.3907748e+02   6.5567103e+00
   3.8748492e+02   2.3938340e+02   5.9978029e+00
   3.8843696e+02   2.3970279e+02   5.5173912e+00
   3.8937985e+02   2.4000440e+02   5.7291924e+00
   3.9032273e+02   2.4030601e+02   5.9107364e+00
   3.9124756e+02   2.4059442e+02   6.0663455e+00
   3.9216351e+02   2.4088741e+02   6.1997247e+00
   3.9306140e+02   2.4116721e+02   6.3140497e+00
   3.9395930e+02   2.4144700e+02   5.6996448e+00
   3.9484400e+02   2.4174485e+02   5.8854098e+00
   3.9571522e+02   2.4203839e+02   6.0446370e+00
   3.9657298e+02   2.4232761e+02   5.4522925e+00
   3.9740407e+02   2.4263058e+02   5.6733936e+00
   3.9822169e+02   2.4292924e+02   5.1205592e+00
   3.9901264e+02   2.4324165e+02   4.7952939e+00
   3.9978123e+02   2.4355432e+02   4.5339515e+00
   4.0054094e+02   2.4387157e+02   4.3045414e+00
   4.0129175e+02   2.4419341e+02   4.0665402e+00
   4.0202021e+02   2.4451552e+02   3.8872995e+00
   4.0273977e+02   2.4484220e+02   4.3319710e+00
   4.0344129e+02   2.4515569e+02   4.7131180e+00
   4.0414280e+02   2.4546918e+02   4.4266240e+00
   4.0483543e+02   2.4578725e+02   4.7942492e+00
   4.0552806e+02   2.4610532e+02   4.4648526e+00
   4.0624304e+02   2.4642312e+02   4.2258081e+00
   4.0696692e+02   2.4673634e+02   4.6221213e+00
   4.0769537e+02   2.4705845e+02   4.3384009e+00
   4.0844619e+02   2.4738028e+02   4.0164426e+00
   4.0921478e+02   2.4769295e+02   3.8715324e+00
   4.0999226e+02   2.4800105e+02   3.5717766e+00
   4.1079641e+02   2.4829540e+02   3.3837113e+00
   4.1160487e+02   2.4857628e+02   3.1648520e+00
   4.1244000e+02   2.4884342e+02   3.0426870e+00
   4.1327943e+02   2.4909709e+02   2.8415004e+00
   4.1412748e+02   2.4932382e+02   2.6696418e+00
   4.1498415e+02   2.4952362e+02   2.5541420e+00
   4.1584055e+02   2.4970105e+02   2.3751085e+00
   4.1669641e+02   2.4983376e+02   2.2960362e+00
   4.1755199e+02   2.4994412e+02   2.1766513e+00
   4.1838925e+02   2.5001892e+02   2.0934217e+00
   4.1923513e+02   2.5006678e+02   2.0270272e+00
   4.2006726e+02   2.5008797e+02   1.9476133e+00
   4.2089455e+02   2.5007791e+02   1.9440230e+00
   4.2171267e+02   2.5005008e+02   1.8861333e+00
   4.2251705e+02   2.4999557e+02   1.8317795e+00
   4.2330769e+02   2.4991440e+02   1.8289459e+00
   4.2408917e+02   2.4981545e+02   1.7756398e+00
   4.2485691e+02   2.4968983e+02   1.7729325e+00
   4.2561548e+02   2.4954644e+02   1.7677470e+00
   4.2636490e+02   2.4938526e+02   1.7229804e+00
   4.2709168e+02   2.4920200e+02   1.8159504e+00
   4.2781389e+02   2.4900985e+02   1.7506856e+00
   4.2852235e+02   2.4879103e+02   1.7450588e+00
   4.2921276e+02   2.4855902e+02   1.7268120e+00
   4.2989401e+02   2.4830922e+02   1.8247058e+00
   4.3056179e+02   2.4805512e+02   1.7903212e+00
   4.3122041e+02   2.4778324e+02   1.7600489e+00
   4.3186987e+02   2.4749358e+02   1.8268768e+00
   4.3251475e+02   2.4719503e+02   1.7906822e+00
   4.3315047e+02   2.4687870e+02   1.8524949e+00
   4.3378160e+02   2.4655348e+02   1.9022509e+00
   4.3439927e+02   2.4622395e+02   1.9496157e+00
   4.3502125e+02   2.4588096e+02   2.6710992e+00
   4.3563433e+02   2.4554254e+02   2.5153794e+00
   4.3624715e+02   2.4518177e+02   2.4744634e+00
   4.3685538e+02   2.4481210e+02   2.3601906e+00
   4.3747223e+02   2.4441550e+02   2.3650666e+00
   4.3808477e+02   2.4403237e+02   2.2566145e+00
   4.3868816e+02   2.4363145e+02   2.9342410e+00
   4.3929154e+02   2.4323054e+02   3.5150637e+00
   4.3990381e+02   2.4282505e+02   3.3229593e+00
   4.4050261e+02   2.4241525e+02   3.8482508e+00
   4.4111919e+02   2.4199629e+02   3.6595547e+00
   4.4174008e+02   2.4156385e+02   3.4774074e+00
   4.4235639e+02   2.4112253e+02   3.3212367e+00
   4.4297727e+02   2.4069010e+02   3.8467743e+00
   4.4358927e+02   2.4026225e+02   4.2972351e+00
   4.4421016e+02   2.3982982e+02   4.6833444e+00
   4.4482216e+02   2.3940196e+02   4.3505313e+00
   4.4542958e+02   2.3896522e+02   4.0651230e+00
   4.4604158e+02   2.3853737e+02   3.8493937e+00
   4.4665789e+02   2.3809605e+02   3.6644828e+00
   4.4726989e+02   2.3766820e+02   3.4532994e+00
   4.4786842e+02   2.3723604e+02   3.2917561e+00
   4.4847152e+02   2.3681277e+02   3.8215052e+00
   4.4908352e+02   2.3638491e+02   4.2755759e+00
   4.4968663e+02   2.3596164e+02   4.6647794e+00
   4.5030752e+02   2.3552921e+02   4.2382485e+00
   4.5093757e+02   2.3511456e+02   4.6327844e+00
   4.5157651e+02   2.3469532e+02   4.9709581e+00
   4.5222434e+02   2.3427151e+02   4.5060174e+00
   4.5288133e+02   2.3386547e+02   4.1986303e+00
   4.5355179e+02   2.3346374e+02   3.8445196e+00
   4.5424030e+02   2.3307522e+02   4.2953025e+00
   4.5493769e+02   2.3268210e+02   3.8890338e+00
   4.5565772e+02   2.3231108e+02   3.7025702e+00
   4.5640011e+02   2.3193979e+02   3.5452651e+00
   4.5714708e+02   2.3157738e+02   3.3016726e+00
   4.5790321e+02   2.3123275e+02   3.2283521e+00
   4.5868170e+02   2.3088786e+02   3.0309505e+00
   4.5946046e+02   2.3056532e+02   3.5979576e+00
   4.6024811e+02   2.3023820e+02   3.3629181e+00
   4.6105381e+02   2.2992427e+02   3.2294209e+00
   4.6184631e+02   2.2962840e+02   3.0273051e+00
   4.6263908e+02   2.2935489e+02   2.9446936e+00
   4.6342755e+02   2.2909485e+02   2.8445312e+00
   4.6420282e+02   2.2885285e+02   2.7479881e+00
   4.6496489e+02   2.2862891e+02   2.6336174e+00
   4.6570487e+02   2.2842760e+02   2.5038360e+00
   4.6645401e+02   2.2824406e+02   2.3533244e+00
   4.6718565e+02   2.2809205e+02   2.3586851e+00
   4.6792187e+02   2.2794893e+02   2.2471901e+00
   4.6865835e+02   2.2782816e+02   2.1499881e+00
   4.6939512e+02   2.2772976e+02   2.8428469e+00
   4.7013188e+02   2.2763135e+02   2.6422820e+00
   4.7086002e+02   2.2755988e+02   2.6054877e+00
   4.7159274e+02   2.2749731e+02   2.4772135e+00
   4.7233463e+02   2.2745251e+02   2.4724285e+00
   4.7308109e+02   2.2741660e+02   2.4712265e+00
   4.7383214e+02   2.2738958e+02   3.1181942e+00
   4.7459665e+02   2.2736687e+02   3.0345696e+00
   4.7536575e+02   2.2735305e+02   2.8313085e+00
   4.7613512e+02   2.2736158e+02   3.4268359e+00
   4.7691796e+02   2.2737443e+02   3.2512390e+00
   4.7771884e+02   2.2740047e+02   3.1719162e+00
   4.7852431e+02   2.2743541e+02   3.0115684e+00
   4.7936130e+02   2.2748784e+02   3.5813444e+00
   4.8021176e+02   2.2754459e+02   3.4836891e+00
   4.8106680e+02   2.2761023e+02   3.3079211e+00
   4.8195336e+02   2.2769337e+02   3.8353609e+00
   4.8283992e+02   2.2777652e+02   4.2874522e+00
   4.8375342e+02   2.2786828e+02   3.9949790e+00
   4.8467608e+02   2.2797782e+02   4.4242677e+00
   4.8560763e+02   2.2808278e+02   4.7922295e+00
   4.8654375e+02   2.2819663e+02   5.1076253e+00
   4.8750224e+02   2.2831021e+02   5.3779645e+00
   4.8846073e+02   2.2842378e+02   5.6096839e+00
   4.8942380e+02   2.2854625e+02   5.2214297e+00
   4.9040465e+02   2.2865955e+02   4.8515132e+00
   4.9138980e+02   2.2875939e+02   5.1584399e+00
   4.9237954e+02   2.2886811e+02   4.7200544e+00
   4.9336901e+02   2.2895448e+02   5.0457609e+00
   4.9436736e+02   2.2903627e+02   5.3249379e+00
   4.9535225e+02   2.2911374e+02   4.9420757e+00
   4.9634144e+02   2.2917775e+02   4.5721271e+00
   4.9732147e+02   2.2922398e+02   4.9189661e+00
   4.9830150e+02   2.2927020e+02   4.5931037e+00
   4.9928584e+02   2.2930296e+02   4.2316108e+00
   5.0026991e+02   2.2931336e+02   4.6270950e+00
   5.0125398e+02   2.2932376e+02   4.3460820e+00
   5.0224236e+02   2.2932069e+02   4.7252131e+00
   5.0323074e+02   2.2931762e+02   4.4326976e+00
   5.0422342e+02   2.2930108e+02   4.7994551e+00
   5.0521153e+02   2.2927565e+02   5.1138186e+00
   5.0622199e+02   2.2924995e+02   4.6858473e+00
   5.0723219e+02   2.2920189e+02   5.0164406e+00
   5.0825127e+02   2.2914925e+02   5.2998062e+00
   5.0927035e+02   2.2909661e+02   5.5426910e+00
   5.1030721e+02   2.2903481e+02   5.7508780e+00
   5.1133949e+02   2.2896412e+02   5.3345358e+00
   5.1237608e+02   2.2887995e+02   5.5724592e+00
   5.1341267e+02   2.2879579e+02   5.7763936e+00
   5.1444468e+02   2.2870274e+02   5.9511945e+00
   5.1548558e+02   2.2860511e+02   6.1010239e+00
   5.1652190e+02   2.2849859e+02   5.5692500e+00
   5.1754905e+02   2.2837429e+02   5.7736429e+00
   5.1858079e+02   2.2825888e+02   5.2869995e+00
   5.1960336e+02   2.2812570e+02   5.5317139e+00
   5.2062136e+02   2.2798362e+02   5.7414690e+00
   5.2163935e+02   2.2784154e+02   5.9212592e+00
   5.2265277e+02   2.2769058e+02   5.4840606e+00
   5.2367049e+02   2.2752614e+02   5.1134903e+00
   5.2469252e+02   2.2734824e+02   5.3829917e+00
   5.2571456e+02   2.2717033e+02   4.9272463e+00
   5.2673632e+02   2.2697006e+02   5.2233539e+00
   5.2776266e+02   2.2677869e+02   4.8133049e+00
   5.2877984e+02   2.2656954e+02   5.1256899e+00
   5.2979702e+02   2.2636038e+02   5.3934485e+00
   5.3080962e+02   2.2614234e+02   5.6229558e+00
   5.3180875e+02   2.2591999e+02   5.8196764e+00
   5.3279441e+02   2.2569332e+02   5.9882941e+00
   5.3378006e+02   2.2546666e+02   6.1328235e+00
   5.3475684e+02   2.2524458e+02   5.7112137e+00
   5.3572902e+02   2.2501361e+02   5.8953260e+00
   5.3668775e+02   2.2477834e+02   6.0531366e+00
   5.3763758e+02   2.2454764e+02   6.1884028e+00
   5.3858741e+02   2.2431694e+02   5.7471667e+00
   5.3953266e+02   2.2407735e+02   5.9261429e+00
   5.4047791e+02   2.2383777e+02   6.0795510e+00
   5.4143663e+02   2.2360249e+02   5.6581572e+00
   5.4239077e+02   2.2335832e+02   5.8498491e+00
   5.4334491e+02   2.2311415e+02   6.0141563e+00
   5.4429905e+02   2.2286999e+02   6.1549911e+00
   5.4525319e+02   2.2262582e+02   5.5758886e+00
   5.4620705e+02   2.2235929e+02   5.1844610e+00
   5.4715661e+02   2.2210624e+02   4.8877495e+00
   5.4810159e+02   2.2184429e+02   4.6336446e+00
   5.4905115e+02   2.2159123e+02   4.9716954e+00
   5.4997835e+02   2.2133845e+02   5.2614532e+00
   5.5089208e+02   2.2108136e+02   5.5098170e+00
   5.5179234e+02   2.2081995e+02   5.7227003e+00
   5.5268371e+02   2.2056313e+02   5.9051717e+00
   5.5355730e+02   2.2031547e+02   6.0615757e+00
   5.5442201e+02   2.2007239e+02   5.5308064e+00
   5.5525088e+02   2.1982527e+02   5.0452192e+00
   5.5605767e+02   2.1960079e+02   4.6187592e+00
   5.5683752e+02   2.1936768e+02   4.9589364e+00
   5.5759959e+02   2.1914374e+02   5.2505170e+00
   5.5834388e+02   2.1892896e+02   4.7703675e+00
   5.5906123e+02   2.1870556e+02   4.4282208e+00
   5.5978316e+02   2.1849105e+02   4.1349523e+00
   5.6050051e+02   2.1826765e+02   3.8541468e+00
   5.6121355e+02   2.1805772e+02   3.6134967e+00
   5.6193091e+02   2.1783432e+02   3.4366697e+00
   5.6265284e+02   2.1761981e+02   3.9457169e+00
   5.6339713e+02   2.1740503e+02   4.3820430e+00
   5.6415920e+02   2.1718109e+02   4.0262316e+00
   5.6493932e+02   2.1697035e+02   4.4510557e+00
   5.6575069e+02   2.1675475e+02   4.8151906e+00
   5.6657094e+02   2.1653457e+02   4.4408773e+00
   5.6741814e+02   2.1632301e+02   4.8064662e+00
   5.6826534e+02   2.1611145e+02   4.3614574e+00
   5.6913516e+02   2.1592198e+02   4.7383921e+00
   5.7000499e+02   2.1573250e+02   4.3492502e+00
   5.7088398e+02   2.1556081e+02   4.1378251e+00
   5.7176755e+02   2.1539801e+02   3.8167534e+00
   5.7265139e+02   2.1525756e+02   3.5400265e+00
   5.7353550e+02   2.1513947e+02   4.0343084e+00
   5.7440184e+02   2.1503055e+02   3.6929096e+00
   5.7528191e+02   2.1494829e+02   3.4575655e+00
   5.7617115e+02   2.1488381e+02   3.2597340e+00
   5.7706955e+02   2.1483711e+02   3.0065650e+00
   5.7796391e+02   2.1482623e+02   3.5770557e+00
   5.7886285e+02   2.1482425e+02   3.2779447e+00
   5.7975776e+02   2.1485810e+02   3.8096668e+00
   5.8065724e+02   2.1490083e+02   3.5077444e+00
   5.8154811e+02   2.1497051e+02   3.2603600e+00
   5.8245272e+02   2.1506685e+02   3.7945943e+00
   5.8336191e+02   2.1517208e+02   3.4973066e+00
   5.8426248e+02   2.1530425e+02   3.2406428e+00
   5.8515444e+02   2.1546336e+02   3.1195741e+00
   5.8604208e+02   2.1563594e+02   2.9147488e+00
   5.8692111e+02   2.1583546e+02   2.8378145e+00
   5.8779583e+02   2.1604845e+02   3.4324124e+00
   5.8866166e+02   2.1626602e+02   3.1795464e+00
   5.8951888e+02   2.1651053e+02   3.7253255e+00
   5.9037609e+02   2.1675504e+02   3.4664493e+00
   5.9120664e+02   2.1701329e+02   3.2984522e+00
   5.9203287e+02   2.1728501e+02   3.8272448e+00
   5.9285022e+02   2.1756131e+02   3.5985486e+00
   5.9364979e+02   2.1784678e+02   3.3425727e+00
   5.9443616e+02   2.1815029e+02   3.1827372e+00
   5.9521822e+02   2.1846727e+02   3.1589748e+00
   5.9599140e+02   2.1878884e+02   2.9050479e+00
   5.9674706e+02   2.1914192e+02   3.4900411e+00
   5.9750731e+02   2.1950389e+02   3.2446989e+00
   5.9825436e+02   2.1988392e+02   3.0328903e+00
   5.9898821e+02   2.2028199e+02   2.9172942e+00
   5.9971775e+02   2.2069353e+02   2.7269786e+00
   6.0043868e+02   2.2113201e+02   3.3374102e+00
   6.0116418e+02   2.2157939e+02   3.0923138e+00
   6.0188107e+02   2.2205370e+02   3.6505547e+00
   6.0258449e+02   2.2252370e+02   3.4109516e+00
   6.0328818e+02   2.2301606e+02   3.3305270e+00
   6.0398298e+02   2.2351300e+02   3.1389458e+00
   6.0466000e+02   2.2401911e+02   3.0881693e+00
   6.0532814e+02   2.2452979e+02   2.8987402e+00
   6.0598307e+02   2.2505853e+02   3.4846344e+00
   6.0663801e+02   2.2558726e+02   3.2633050e+00
   6.0727517e+02   2.2612515e+02   3.1837538e+00
   6.0790343e+02   2.2666763e+02   3.7289319e+00
   6.0853628e+02   2.2721900e+02   3.4699812e+00
   6.0915135e+02   2.2777952e+02   3.9742696e+00
   6.0977100e+02   2.2834894e+02   3.7407671e+00
   6.1038634e+02   2.2893182e+02   3.5954545e+00
   6.1099279e+02   2.2951929e+02   4.0818181e+00
   6.1160383e+02   2.3011564e+02   3.8400857e+00
   6.1221055e+02   2.3072547e+02   4.2915021e+00
   6.1281727e+02   2.3133529e+02   3.9911487e+00
   6.1342427e+02   2.3196748e+02   4.4209846e+00
   6.1402669e+02   2.3259077e+02   4.1388083e+00
   6.1462479e+02   2.3322753e+02   4.5475500e+00
   6.1522748e+02   2.3387319e+02   4.8979000e+00
   6.1583475e+02   2.3452773e+02   5.1982000e+00
   6.1644201e+02   2.3518227e+02   5.4556000e+00
   6.1705386e+02   2.3584570e+02   5.6762286e+00
   6.1767029e+02   2.3651803e+02   5.2816189e+00
   6.1829561e+02   2.3718577e+02   4.9453979e+00
   6.1892982e+02   2.3784893e+02   4.6570487e+00
   6.1955513e+02   2.3851667e+02   4.4098922e+00
   6.2018934e+02   2.3917983e+02   4.2845023e+00
   6.2083702e+02   2.3984730e+02   4.1767511e+00
   6.2147122e+02   2.4051046e+02   3.9050938e+00
   6.2212779e+02   2.4117334e+02   3.7734795e+00
   6.2277547e+02   2.4184081e+02   3.7723647e+00
   6.2341398e+02   2.4249050e+02   4.2334555e+00
   6.2405250e+02   2.4314019e+02   4.1502744e+00
   6.2468185e+02   2.4377211e+02   4.5573780e+00
   6.2530663e+02   2.4439513e+02   4.9063240e+00
   6.2593140e+02   2.4501815e+02   4.6074009e+00
   6.2654244e+02   2.4561451e+02   4.9492007e+00
   6.2715347e+02   2.4621086e+02   4.5134233e+00
   6.2775965e+02   2.4677597e+02   4.8686485e+00
   6.2836125e+02   2.4733218e+02   4.5259270e+00
   6.2894911e+02   2.4786173e+02   4.1241743e+00
   6.2953211e+02   2.4836004e+02   3.7957073e+00
   6.3011485e+02   2.4883598e+02   3.5455198e+00
   6.3070189e+02   2.4929845e+02   3.2264873e+00
   6.3129297e+02   2.4972509e+02   2.9781353e+00
   6.3187920e+02   2.5012049e+02   2.8231613e+00
   6.3246973e+02   2.5050242e+02   2.6088354e+00
   6.3306889e+02   2.5085740e+02   2.5008013e+00
   6.3367235e+02   2.5119892e+02   2.3523348e+00
   6.3428901e+02   2.5152238e+02   2.2266526e+00
   6.3491887e+02   2.5182780e+02   2.1146827e+00
   6.3557539e+02   2.5211947e+02   2.0833255e+00
   6.3623623e+02   2.5239768e+02   2.0014893e+00
   6.3692373e+02   2.5266214e+02   1.9889626e+00
   6.3762901e+02   2.5291744e+02   2.0911910e+00
   6.3835665e+02   2.5317247e+02   2.0309139e+00
   6.3911096e+02   2.5341376e+02   1.9922926e+00
   6.3990540e+02   2.5364562e+02   1.9647919e+00
   6.4071305e+02   2.5385942e+02   1.9530583e+00
   6.4154736e+02   2.5405948e+02   1.9031659e+00
   6.4239028e+02   2.5423261e+02   1.9034367e+00
   6.4324641e+02   2.5438768e+02   1.8648417e+00
   6.4411115e+02   2.5451582e+02   1.8335034e+00
   6.4498452e+02   2.5461701e+02   1.7788699e+00
   6.4586191e+02   2.5468238e+02   1.7202949e+00
   6.4675224e+02   2.5470733e+02   1.6995483e+00
   6.4763771e+02   2.5470104e+02   1.6799727e+00
   6.4851833e+02   2.5466350e+02   1.6618638e+00
   6.4939410e+02   2.5459471e+02   1.6111609e+00
   6.5026932e+02   2.5448121e+02   1.6274996e+00
   6.5112191e+02   2.5434561e+02   1.6408850e+00
   6.5198312e+02   2.5418308e+02   1.6197392e+00
   6.5284837e+02   2.5398472e+02   1.6199378e+00
   6.5369988e+02   2.5375969e+02   1.7255523e+00
   6.5456458e+02   2.5351661e+02   1.7123670e+00
   6.5541554e+02   2.5324686e+02   1.8694770e+00
   6.5626192e+02   2.5296822e+02   1.8854527e+00
   6.5709914e+02   2.5267181e+02   2.0146901e+00
   6.5793178e+02   2.5236650e+02   2.0080684e+00
   6.5875526e+02   2.5204342e+02   2.1018998e+00
   6.5958305e+02   2.5170686e+02   2.2179497e+00
   6.6039737e+02   2.5136600e+02   2.2847798e+00
   6.6121599e+02   2.5101167e+02   2.3805734e+00
   6.6201226e+02   2.5065761e+02   3.0404915e+00
   6.6281742e+02   2.5029897e+02   3.0088009e+00
   6.6360910e+02   2.4993602e+02   3.5789722e+00
   6.6440079e+02   2.4957307e+02   3.3424151e+00
   6.6519220e+02   2.4918776e+02   3.2434729e+00
   6.6597042e+02   2.4882051e+02   3.1587436e+00
   6.6676184e+02   2.4843520e+02   3.7074945e+00
   6.6755325e+02   2.4804989e+02   4.1778524e+00
   6.6835356e+02   2.4766000e+02   3.9874915e+00
   6.6916733e+02   2.4727442e+02   3.8207762e+00
   6.6997652e+02   2.4687995e+02   3.6857146e+00
   6.7079919e+02   2.4648979e+02   4.1591839e+00
   6.7163074e+02   2.4609505e+02   3.9736468e+00
   6.7246660e+02   2.4568684e+02   3.7044370e+00
   6.7332051e+02   2.4529183e+02   3.5857084e+00
   6.7418762e+02   2.4487876e+02   3.5032384e+00
   6.7505931e+02   2.4447459e+02   3.4593408e+00
   6.7595336e+02   2.4407014e+02   3.4045313e+00
   6.7684283e+02   2.4365681e+02   3.9181697e+00
   6.7775007e+02   2.4323431e+02   3.8062491e+00
   6.7866190e+02   2.4282071e+02   3.6960054e+00
   6.7958693e+02   2.4238905e+02   3.6377926e+00
   6.8052542e+02   2.4196170e+02   3.5798579e+00
   6.8146850e+02   2.4154324e+02   3.5205924e+00
   6.8241588e+02   2.4111131e+02   3.4989003e+00
   6.8337674e+02   2.4068369e+02   3.9990574e+00
   6.8434648e+02   2.4025149e+02   3.9136829e+00
   6.8530276e+02   2.3981498e+02   3.7007131e+00
   6.8628597e+02   2.3938709e+02   3.6651455e+00
   6.8725571e+02   2.3895489e+02   4.1415533e+00
   6.8823434e+02   2.3851811e+02   4.0298873e+00
   6.8921756e+02   2.3809022e+02   4.4541891e+00
   6.9020077e+02   2.3766232e+02   4.8178764e+00
   6.9119287e+02   2.3722985e+02   5.1296083e+00
   6.9218498e+02   2.3679738e+02   5.3968071e+00
   6.9317708e+02   2.3636491e+02   5.6258347e+00
   6.9416918e+02   2.3593243e+02   5.3268360e+00
   6.9517475e+02   2.3550427e+02   5.5658594e+00
   6.9615797e+02   2.3507638e+02   5.2713395e+00
   6.9715465e+02   2.3465280e+02   5.5182910e+00
   6.9815133e+02   2.3422921e+02   5.1949011e+00
   6.9914371e+02   2.3381910e+02   5.4527723e+00
   7.0013608e+02   2.3340899e+02   5.1555213e+00
   7.0113304e+02   2.3300776e+02   4.9010917e+00
   7.0213457e+02   2.3261543e+02   4.6839715e+00
   7.0314069e+02   2.3223198e+02   5.0148327e+00
   7.0414681e+02   2.3184853e+02   4.7537678e+00
   7.0514861e+02   2.3147856e+02   5.0746582e+00
   7.0616389e+02   2.3111289e+02   4.8029791e+00
   7.0717486e+02   2.3076069e+02   5.1168392e+00
   7.0819472e+02   2.3040392e+02   4.8384018e+00
   7.0921026e+02   2.3006061e+02   5.1472015e+00
   7.1022581e+02   2.2971730e+02   4.8947607e+00
   7.1124594e+02   2.2938288e+02   5.1955091e+00
   7.1226607e+02   2.2904846e+02   4.9372362e+00
   7.1329078e+02   2.2872293e+02   5.2319167e+00
   7.1430660e+02   2.2840198e+02   5.4845001e+00
   7.1533589e+02   2.2808534e+02   5.7010001e+00
   7.1635629e+02   2.2777328e+02   5.3684085e+00
   7.1738128e+02   2.2747011e+02   5.6014930e+00
   7.1840626e+02   2.2716694e+02   5.8012797e+00
   7.1943582e+02   2.2687266e+02   5.9725254e+00
   7.2046996e+02   2.2658727e+02   6.1193075e+00
   7.2151299e+02   2.2629729e+02   5.6514861e+00
   7.2254283e+02   2.2602537e+02   5.8441310e+00
   7.2358613e+02   2.2575776e+02   6.0092551e+00
   7.2462055e+02   2.2549473e+02   6.1507901e+00
   7.2565496e+02   2.2523169e+02   5.6152063e+00
   7.2669854e+02   2.2498644e+02   5.8130339e+00
   7.2772864e+02   2.2473687e+02   5.9826005e+00
   7.2876333e+02   2.2449620e+02   5.5570925e+00
   7.2979371e+02   2.2426900e+02   5.7632222e+00
   7.3083297e+02   2.2403721e+02   5.9399047e+00
   7.3187682e+02   2.2381432e+02   6.0913469e+00
   7.3291609e+02   2.2358253e+02   5.5422277e+00
   7.3395563e+02   2.2337310e+02   5.1796058e+00
   7.3499947e+02   2.2315021e+02   5.4396622e+00
   7.3603443e+02   2.2293189e+02   5.6625676e+00
   7.3709175e+02   2.2271331e+02   5.8536293e+00
   7.3814018e+02   2.2249930e+02   6.0173966e+00
   7.3918403e+02   2.2227641e+02   6.1577685e+00
   7.4021898e+02   2.2205809e+02   6.2780873e+00
   7.4124505e+02   2.2184436e+02   6.3812177e+00
   7.4226223e+02   2.2163520e+02   6.4696151e+00
   7.4326594e+02   2.2142174e+02   6.5453844e+00
   7.4426076e+02   2.2121286e+02   6.6103295e+00
   7.4525100e+02   2.2099509e+02   6.6659967e+00
   7.4623235e+02   2.2078189e+02   6.1702577e+00
   7.4720912e+02   2.2055981e+02   6.2887923e+00
   7.4818590e+02   2.2033773e+02   6.3903934e+00
   7.4914920e+02   2.2011134e+02   6.4774801e+00
   7.5013027e+02   2.1987579e+02   5.8943029e+00
   7.5109330e+02   2.1962705e+02   5.4308199e+00
   7.5206953e+02   2.1936025e+02   5.1121193e+00
   7.5304118e+02   2.1908456e+02   4.6442823e+00
   7.5399908e+02   2.1878221e+02   4.4014470e+00
   7.5496129e+02   2.1846638e+02   4.0351399e+00
   7.5590977e+02   2.1812389e+02   3.7708600e+00
   7.5685797e+02   2.1775904e+02   3.4920772e+00
   7.5780131e+02   2.1736294e+02   3.3171043e+00
   7.5873550e+02   2.1694906e+02   3.1689854e+00
   7.5965164e+02   2.1652198e+02   2.9773499e+00
   7.6055403e+02   2.1606824e+02   2.7780275e+00
   7.6143810e+02   2.1557894e+02   2.8236961e+00
   7.6230871e+02   2.1508533e+02   2.6446622e+00
   7.6316099e+02   2.1455616e+02   2.5851731e+00
   7.6400411e+02   2.1400921e+02   2.4706676e+00
   7.6482460e+02   2.1344018e+02   2.3631948e+00
   7.6561356e+02   2.1285364e+02   2.2736698e+00
   7.6637990e+02   2.1224501e+02   2.1579493e+00
   7.6711014e+02   2.1160999e+02   2.0931612e+00
   7.6781775e+02   2.1095288e+02   2.0162263e+00
   7.6850703e+02   2.1026022e+02   1.9351794e+00
   7.6916021e+02   2.0954115e+02   1.9498239e+00
   7.6979535e+02   2.0880889e+02   1.8868810e+00
   7.7040327e+02   2.0804565e+02   1.8478956e+00
   7.7097967e+02   2.0726491e+02   1.7983494e+00
   7.7151566e+02   2.0647124e+02   1.7855521e+00
   7.7202903e+02   2.0565548e+02   1.7415928e+00
   7.7250198e+02   2.0482680e+02   1.6727922e+00
   7.7292105e+02   2.0398088e+02   1.6856426e+00
   7.7331318e+02   2.0312635e+02   1.6216057e+00
   7.7365144e+02   2.0225458e+02   1.5927207e+00
   7.7394498e+02   2.0138335e+02   1.5492663e+00
   7.7418921e+02   2.0050378e+02   1.5105026e+00
   7.7438415e+02   1.9961586e+02   1.4765343e+00
   7.7452979e+02   1.9871959e+02   1.4336939e+00
   7.7461725e+02   1.9781957e+02   1.4035279e+00
   7.7465109e+02   1.9692466e+02   1.4032751e+00
   7.7464453e+02   1.9601683e+02   1.3776957e+00
   7.7458436e+02   1.9511412e+02   1.3553223e+00
   7.7447058e+02   1.9421654e+02   1.3410452e+00
   7.7430777e+02   1.9333297e+02   1.3423139e+00
   7.7410025e+02   1.9244995e+02   1.3331534e+00
   7.7384828e+02   1.9158982e+02   1.3065850e+00
   7.7354298e+02   1.9075718e+02   1.3169836e+00
   7.7319753e+02   1.8993398e+02   1.3072852e+00
   7.7281223e+02   1.8914256e+02   1.2955641e+00
   7.7238705e+02   1.8838294e+02   1.2810077e+00
   7.7192659e+02   1.8766400e+02   1.2527544e+00
   7.7141738e+02   1.8698143e+02   1.2613295e+00
   7.7087719e+02   1.8632607e+02   1.2320326e+00
   7.7029282e+02   1.8571597e+02   1.2187490e+00
   7.6967317e+02   1.8514656e+02   1.2213014e+00
   7.6900908e+02   1.8460004e+02   1.2387919e+00
   7.6831400e+02   1.8408074e+02   1.2301182e+00
   7.6758365e+02   1.8360212e+02   1.2523447e+00
   7.6682231e+02   1.8315071e+02   1.2577381e+00
   7.6602111e+02   1.8273110e+02   1.3124238e+00
   7.6519782e+02   1.8233411e+02   1.3409433e+00
   7.6435703e+02   1.8196865e+02   1.3649490e+00
   7.6348526e+02   1.8163039e+02   1.4559280e+00
   7.6260029e+02   1.8131019e+02   1.4533675e+00
   7.6168893e+02   1.8102608e+02   1.4964856e+00
   7.6078241e+02   1.8077323e+02   1.6372472e+00
   7.5987159e+02   1.8053384e+02   1.6255872e+00
   7.5895674e+02   1.8033029e+02   1.6438367e+00
   7.5803326e+02   1.8015367e+02   1.6787876e+00
   7.5712353e+02   1.8000372e+02   1.7334289e+00
   7.5620060e+02   1.7987182e+02   1.7239440e+00
   7.5528252e+02   1.7977117e+02   1.8295186e+00
   7.5436013e+02   1.7968399e+02   1.8848636e+00
   7.5344690e+02   1.7961459e+02   1.8640838e+00
   7.5252506e+02   1.7957212e+02   1.9520987e+00
   7.5159890e+02   1.7954313e+02   2.6732275e+00
   7.5067733e+02   1.7952303e+02   2.6468311e+00
   7.4975145e+02   1.7951639e+02   3.2687123e+00
   7.4883015e+02   1.7951865e+02   3.1122927e+00
   7.4789565e+02   1.7953895e+02   3.6676794e+00
   7.4695657e+02   1.7955037e+02   3.4248437e+00
   7.4601777e+02   1.7958414e+02   3.9355803e+00
   7.4507007e+02   1.7962250e+02   4.3733546e+00
   7.4412237e+02   1.7966085e+02   4.7485896e+00
   7.4317926e+02   1.7970810e+02   4.4390750e+00
   7.4223183e+02   1.7976881e+02   4.1764976e+00
   7.4128010e+02   1.7984300e+02   4.5798551e+00
   7.4033294e+02   1.7992607e+02   4.9255901e+00
   7.3937690e+02   1.8001373e+02   5.2219343e+00
   7.3841197e+02   1.8010596e+02   4.8580178e+00
   7.3744273e+02   1.8021166e+02   4.5493330e+00
   7.3646918e+02   1.8033084e+02   4.8994283e+00
   7.3548216e+02   1.8044570e+02   5.1995100e+00
   7.3449972e+02   1.8056946e+02   5.4567228e+00
   7.3350840e+02   1.8069779e+02   5.6771910e+00
   7.3251707e+02   1.8082613e+02   5.8661637e+00
   7.3151685e+02   1.8095905e+02   6.0281403e+00
   7.3051206e+02   1.8108307e+02   5.4713849e+00
   7.2950753e+02   1.8122946e+02   5.0907035e+00
   7.2850731e+02   1.8136237e+02   4.7643816e+00
   7.2750279e+02   1.8150876e+02   5.0837557e+00
   7.2649826e+02   1.8165515e+02   5.3575048e+00
   7.2549832e+02   1.8181042e+02   5.5921470e+00
   7.2451184e+02   1.8197000e+02   5.7932689e+00
   7.2351648e+02   1.8213417e+02   5.9656590e+00
   7.2253458e+02   1.8230264e+02   6.1134220e+00
   7.2155727e+02   1.8248000e+02   6.2400760e+00
   7.2057107e+02   1.8266195e+02   6.3486366e+00
   7.1958486e+02   1.8284389e+02   5.8081980e+00
   7.1858546e+02   1.8304388e+02   5.9784555e+00
   7.1758148e+02   1.8323499e+02   6.1243904e+00
   7.1656861e+02   1.8343067e+02   5.6659196e+00
   7.1555143e+02   1.8363982e+02   5.8565025e+00
   7.1453425e+02   1.8384898e+02   6.0198593e+00
   7.1351249e+02   1.8404924e+02   5.5803335e+00
   7.1248642e+02   1.8426298e+02   5.7831430e+00
   7.1146035e+02   1.8447671e+02   5.9569797e+00
   7.1043428e+02   1.8469045e+02   6.1059826e+00
   7.0940821e+02   1.8490418e+02   6.2336994e+00
   7.0839103e+02   1.8511333e+02   6.3431709e+00
   7.0738732e+02   1.8532680e+02   6.4370036e+00
   7.0639250e+02   1.8553568e+02   6.5174317e+00
   7.0541115e+02   1.8574887e+02   5.9109362e+00
   7.0442064e+02   1.8594428e+02   5.4148540e+00
   7.0344818e+02   1.8615289e+02   4.9409292e+00
   7.0247545e+02   1.8633914e+02   4.6864011e+00
   7.0150729e+02   1.8653429e+02   4.4123285e+00
   7.0054345e+02   1.8671596e+02   4.7819959e+00
   6.9958849e+02   1.8689305e+02   5.0988536e+00
   6.9863354e+02   1.8707014e+02   5.3704460e+00
   6.9766969e+02   1.8725181e+02   4.9947559e+00
   6.9671016e+02   1.8742001e+02   5.2812193e+00
   6.9575062e+02   1.8758821e+02   5.5267594e+00
   6.9478220e+02   1.8776099e+02   5.7372224e+00
   6.9382266e+02   1.8792919e+02   5.9176192e+00
   6.9284535e+02   1.8810655e+02   6.0722450e+00
   6.9186345e+02   1.8827503e+02   6.2047814e+00
   6.9087267e+02   1.8844808e+02   6.3183841e+00
   6.8987300e+02   1.8862572e+02   6.4157578e+00
   6.8887333e+02   1.8880335e+02   6.4992210e+00
   6.8786476e+02   1.8898556e+02   6.5707608e+00
   6.8684273e+02   1.8916347e+02   6.6320807e+00
   6.8582070e+02   1.8934138e+02   6.6846406e+00
   6.8478089e+02   1.8952844e+02   6.0731023e+00
   6.8373192e+02   1.8969773e+02   5.6308013e+00
   6.8267864e+02   1.8988049e+02   5.8264011e+00
   6.8162078e+02   1.9005436e+02   5.9940581e+00
   6.8056291e+02   1.9022823e+02   6.1377641e+00
   6.7949158e+02   1.9039779e+02   6.2609407e+00
   6.7841567e+02   1.9055846e+02   5.7968357e+00
   6.7734407e+02   1.9070566e+02   5.9687163e+00
   6.7625900e+02   1.9084855e+02   6.1160426e+00
   6.7519170e+02   1.9098228e+02   6.2423222e+00
   6.7411983e+02   1.9110712e+02   5.7237229e+00
   6.7306115e+02   1.9121392e+02   5.2245874e+00
   6.7200221e+02   1.9129835e+02   5.4782178e+00
   6.7096104e+02   1.9137362e+02   5.1017959e+00
   6.6992417e+02   1.9143542e+02   4.6862568e+00
   6.6890940e+02   1.9147459e+02   4.4095054e+00
   6.6789894e+02   1.9150029e+02   4.1674469e+00
   6.6691514e+02   1.9151225e+02   3.7893962e+00
   6.6594427e+02   1.9148380e+02   3.5650986e+00
   6.6498659e+02   1.9143730e+02   3.2816795e+00
   6.6403296e+02   1.9135498e+02   3.1004479e+00
   6.6307905e+02   1.9125029e+02   2.9255208e+00
   6.6214723e+02   1.9112297e+02   2.6983782e+00
   6.6123722e+02   1.9095066e+02   2.6022992e+00
   6.6034042e+02   1.9076030e+02   2.4496828e+00
   6.5946112e+02   1.9053842e+02   2.3153968e+00
   6.5858585e+02   1.9028072e+02   2.1828032e+00
   6.5772351e+02   1.8998260e+02   2.1139543e+00
   6.5686979e+02   1.8965754e+02   2.0555914e+00
   6.5602469e+02   1.8930555e+02   1.9986487e+00
   6.5520168e+02   1.8893092e+02   1.9552916e+00
   6.5438728e+02   1.8852935e+02   1.8898745e+00
   6.5359039e+02   1.8809627e+02   1.8918474e+00
   6.5280669e+02   1.8764513e+02   1.8348621e+00
   6.5204051e+02   1.8716247e+02   1.7867509e+00
   6.5129183e+02   1.8664829e+02   1.8354318e+00
   6.5054287e+02   1.8611176e+02   1.8055043e+00
   6.4981601e+02   1.8555259e+02   1.7785231e+00
   6.4911123e+02   1.8497079e+02   1.8412230e+00
   6.4840618e+02   1.8436664e+02   1.7829567e+00
   6.4773211e+02   1.8373527e+02   1.8062778e+00
   6.4707124e+02   1.8308585e+02   1.8277731e+00
   6.4642356e+02   1.8241838e+02   1.8660993e+00
   6.4579366e+02   1.8174175e+02   1.8963339e+00
   6.4518154e+02   1.8105596e+02   1.9198353e+00
   6.4458720e+02   1.8036101e+02   2.1151929e+00
   6.4400633e+02   1.7967036e+02   2.1846639e+00
   6.4342976e+02   1.7896625e+02   2.1627046e+00
   6.4287098e+02   1.7825298e+02   2.3040009e+00
   6.4232567e+02   1.7754401e+02   2.9748579e+00
   6.4178035e+02   1.7683505e+02   2.8244647e+00
   6.4124823e+02   1.7610803e+02   2.7954097e+00
   6.4071181e+02   1.7539449e+02   2.7978464e+00
   6.4018427e+02   1.7467636e+02   3.3981541e+00
   6.3965216e+02   1.7394934e+02   3.9127035e+00
   6.3911546e+02   1.7321344e+02   4.3537459e+00
   6.3857418e+02   1.7246864e+02   4.7317822e+00
   6.3802832e+02   1.7171496e+02   5.0558133e+00
   6.3748246e+02   1.7096128e+02   4.8446130e+00
   6.3691856e+02   1.7019440e+02   4.5531849e+00
   6.3635896e+02   1.6941404e+02   4.9027299e+00
   6.3579936e+02   1.6863369e+02   5.2023399e+00
   6.3523976e+02   1.6785334e+02   5.4591485e+00
   6.3467558e+02   1.6706410e+02   5.1161419e+00
   6.3410251e+02   1.6627944e+02   4.8221362e+00
   6.3353833e+02   1.6549020e+02   4.5382547e+00
   6.3296984e+02   1.6471443e+02   4.3234604e+00
   6.3239246e+02   1.6394324e+02   4.7058232e+00
   6.3181966e+02   1.6318094e+02   4.3545645e+00
   6.3122450e+02   1.6241891e+02   4.7324838e+00
   6.3063393e+02   1.6166577e+02   4.3628381e+00
   6.3002557e+02   1.6092179e+02   4.0684559e+00
   6.2939486e+02   1.6017808e+02   3.7656680e+00
   6.2875553e+02   1.5946132e+02   3.7398418e+00
   6.2810273e+02   1.5874024e+02   3.4986949e+00
   6.2743673e+02   1.5803721e+02   3.2558515e+00
   6.2674406e+02   1.5734793e+02   3.0841403e+00
   6.2603820e+02   1.5667670e+02   3.2043683e+00
   6.2531886e+02   1.5600115e+02   2.9764257e+00
   6.2456397e+02   1.5534393e+02   2.9425415e+00
   6.2380477e+02   1.5470018e+02   2.8200858e+00
   6.2303237e+02   1.5407448e+02   2.6685148e+00
   6.2223789e+02   1.5347141e+02   2.6723469e+00
   6.2143909e+02   1.5288181e+02   2.5134916e+00
   6.2060932e+02   1.5231942e+02   2.5382212e+00
   6.1977524e+02   1.5177051e+02   2.5166688e+00
   6.1892338e+02   1.5123075e+02   2.5419386e+00
   6.1806722e+02   1.5070446e+02   2.3924797e+00
   6.1718466e+02   1.5021427e+02   2.4036377e+00
   6.1628431e+02   1.4973325e+02   2.3242000e+00
   6.1536189e+02   1.4927485e+02   2.3034352e+00
   6.1442626e+02   1.4883451e+02   2.2500461e+00
   6.1348202e+02   1.4842110e+02   2.2350154e+00
   6.1251111e+02   1.4802144e+02   2.1648434e+00
   6.1152269e+02   1.4765329e+02   2.8555801e+00
   6.1052538e+02   1.4728973e+02   2.7300313e+00
   6.0950599e+02   1.4694880e+02   2.6260305e+00
   6.0847797e+02   1.4663480e+02   3.2508833e+00
   6.0744107e+02   1.4632539e+02   3.1937372e+00
   6.0639986e+02   1.4602945e+02   3.1559138e+00
   6.0534087e+02   1.4574267e+02   3.7050689e+00
   6.0428189e+02   1.4545589e+02   3.5889373e+00
   6.0321859e+02   1.4518258e+02   4.0762320e+00
   6.0215987e+02   1.4491815e+02   4.4939131e+00
   6.0109658e+02   1.4464484e+02   4.8519256e+00
   6.0002439e+02   1.4437611e+02   5.1587933e+00
   5.9896109e+02   1.4410280e+02   5.4218229e+00
   5.9789779e+02   1.4382949e+02   5.6472767e+00
   5.9682561e+02   1.4356076e+02   5.8405229e+00
   5.9576231e+02   1.4328744e+02   6.0061625e+00
   5.9469901e+02   1.4301413e+02   6.1481393e+00
   5.9364030e+02   1.4274971e+02   6.2698337e+00
   5.9259047e+02   1.4248071e+02   6.3741431e+00
   5.9154522e+02   1.4222059e+02   6.4635513e+00
   5.9049998e+02   1.4196048e+02   6.5401868e+00
   5.8945931e+02   1.4170925e+02   6.6058744e+00
   5.8841864e+02   1.4145803e+02   6.6621781e+00
   5.8738687e+02   1.4120223e+02   6.7104383e+00
   5.8635509e+02   1.4094642e+02   6.7518043e+00
   5.8532331e+02   1.4069062e+02   6.7872608e+00
   5.8430959e+02   1.4044801e+02   6.8176521e+00
   5.8329586e+02   1.4020540e+02   6.8437018e+00
   5.8228213e+02   1.3996279e+02   6.8660301e+00
   5.8127299e+02   1.3972908e+02   6.8851687e+00
   5.8025495e+02   1.3949994e+02   6.9015732e+00
   5.7923692e+02   1.3927080e+02   6.3093583e+00
   5.7821457e+02   1.3905513e+02   6.4080214e+00
   5.7721028e+02   1.3885266e+02   6.4925897e+00
   5.7619710e+02   1.3865478e+02   6.5650769e+00
   5.7518849e+02   1.3846578e+02   6.0153414e+00
   5.7417558e+02   1.3829025e+02   6.1560069e+00
   5.7315378e+02   1.3811930e+02   6.2765773e+00
   5.7213656e+02   1.3795724e+02   5.7703464e+00
   5.7111503e+02   1.3780865e+02   5.9460112e+00
   5.7009808e+02   1.3766894e+02   5.5356832e+00
   5.6909919e+02   1.3754244e+02   5.0927802e+00
   5.6810945e+02   1.3743372e+02   5.3652402e+00
   5.6712429e+02   1.3733388e+02   4.9761784e+00
   5.6613483e+02   1.3724752e+02   4.5628278e+00
   5.6514563e+02   1.3718351e+02   4.9109953e+00
   5.6416102e+02   1.3712839e+02   4.5429182e+00
   5.6318557e+02   1.3709105e+02   4.1859942e+00
   5.6221039e+02   1.3707607e+02   4.5879950e+00
   5.6124410e+02   1.3705651e+02   4.1969256e+00
   5.6026919e+02   1.3706389e+02   3.9699103e+00
   5.5931233e+02   1.3708447e+02   4.4027803e+00
   5.5833770e+02   1.3711421e+02   4.7738117e+00
   5.5736306e+02   1.3714395e+02   5.0918386e+00
   5.5637954e+02   1.3717826e+02   4.7338592e+00
   5.5541406e+02   1.3722578e+02   5.0575936e+00
   5.5442623e+02   1.3727357e+02   4.7034229e+00
   5.5345644e+02   1.3733456e+02   5.0315054e+00
   5.5249555e+02   1.3739096e+02   5.3127189e+00
   5.5152577e+02   1.3745195e+02   5.5537591e+00
   5.5056056e+02   1.3752182e+02   5.1397502e+00
   5.4959105e+02   1.3760517e+02   5.4055002e+00
   5.4863043e+02   1.3768393e+02   4.9486785e+00
   5.4767897e+02   1.3778048e+02   5.2417245e+00
   5.4672750e+02   1.3787702e+02   4.8873343e+00
   5.4580298e+02   1.3798218e+02   4.4688313e+00
   5.4487873e+02   1.3810970e+02   4.8304268e+00
   5.4396795e+02   1.3824153e+02   4.5074192e+00
   5.4305286e+02   1.3838683e+02   4.1884537e+00
   5.4215582e+02   1.3854533e+02   4.0063683e+00
   5.4126336e+02   1.3871271e+02   3.7482337e+00
   5.4038896e+02   1.3889329e+02   3.4992848e+00
   5.3952371e+02   1.3909166e+02   3.9993870e+00
   5.3865846e+02   1.3929002e+02   3.7122097e+00
   5.3780238e+02   1.3950616e+02   3.4639161e+00
   5.3695545e+02   1.3974008e+02   3.9690709e+00
   5.3610853e+02   1.3997400e+02   4.4020608e+00
   5.3525271e+02   1.4021250e+02   4.0449416e+00
   5.3439717e+02   1.4047336e+02   4.4670928e+00
   5.3355052e+02   1.4072963e+02   4.1981509e+00
   5.3269955e+02   1.4099938e+02   4.0013470e+00
   5.3184401e+02   1.4126024e+02   3.8033918e+00
   5.3098416e+02   1.4153457e+02   4.2600501e+00
   5.3010653e+02   1.4181806e+02   4.6514715e+00
   5.2922001e+02   1.4210613e+02   4.3788174e+00
   5.2832919e+02   1.4240767e+02   4.7532720e+00
   5.2741600e+02   1.4270948e+02   4.5067035e+00
   5.2650739e+02   1.4302018e+02   4.8628887e+00
   5.2558532e+02   1.4332657e+02   4.6051270e+00
   5.2466782e+02   1.4364185e+02   4.9472517e+00
   5.2375922e+02   1.4395256e+02   4.6466887e+00
   5.2284630e+02   1.4427673e+02   4.9828760e+00
   5.2193339e+02   1.4460090e+02   4.7353227e+00
   5.2103394e+02   1.4492938e+02   5.0588480e+00
   5.2014339e+02   1.4525327e+02   4.6623156e+00
   5.1928866e+02   1.4558121e+02   4.9962706e+00
   5.1844282e+02   1.4590457e+02   4.7355616e+00
   5.1761934e+02   1.4622765e+02   5.0590528e+00
   5.1681364e+02   1.4654157e+02   5.3363310e+00
   5.1600794e+02   1.4685549e+02   5.5739980e+00
   5.1521113e+02   1.4716484e+02   5.7777126e+00
   5.1442321e+02   1.4746960e+02   5.3310550e+00
   5.1363987e+02   1.4778325e+02   4.9281808e+00
   5.1286084e+02   1.4808343e+02   5.2241549e+00
   5.1208180e+02   1.4838361e+02   4.7433391e+00
   5.1129361e+02   1.4866601e+02   4.3324174e+00
   5.1049625e+02   1.4893063e+02   4.0924597e+00
   5.0969432e+02   1.4918637e+02   3.7127986e+00
   5.0889642e+02   1.4940628e+02   3.5572523e+00
   5.0809394e+02   1.4961729e+02   3.3000186e+00
   5.0729119e+02   1.4980595e+02   3.0183087e+00
   5.0650137e+02   1.4995420e+02   2.7892743e+00
   5.0570669e+02   1.5007120e+02   2.6137786e+00
   5.0492063e+02   1.5016126e+02   2.4584947e+00
   5.0414319e+02   1.5022438e+02   2.2808869e+00
   5.0337867e+02   1.5024709e+02   2.1808673e+00
   5.0263625e+02   1.5024717e+02   2.0700300e+00
   5.0190244e+02   1.5022031e+02   1.9844005e+00
   5.0119071e+02   1.5017082e+02   1.9499729e+00
   5.0050566e+02   1.5010759e+02   1.8383070e+00
   4.9983811e+02   1.5001284e+02   1.7880414e+00
   4.9918375e+02   1.4990004e+02   1.7476169e+00
   4.9855607e+02   1.4977349e+02   1.7497157e+00
   4.9794617e+02   1.4963779e+02   1.6904491e+00
   4.9733599e+02   1.4947972e+02   2.4489564e+00
   4.9673928e+02   1.4932597e+02   2.2629610e+00
   4.9615119e+02   1.4914528e+02   2.2677333e+00
   4.9555852e+02   1.4895569e+02   2.9437714e+00
   4.9496585e+02   1.4876611e+02   2.7613648e+00
   4.9436402e+02   1.4855875e+02   3.3668842e+00
   4.9374872e+02   1.4834707e+02   3.1377687e+00
   4.9312426e+02   1.4811763e+02   3.6895160e+00
   4.9249979e+02   1.4788818e+02   4.1624423e+00
   4.9184839e+02   1.4765011e+02   3.8290530e+00
   4.9120130e+02   1.4739857e+02   3.5394420e+00
   4.9053643e+02   1.4715620e+02   3.2545979e+00
   4.8987129e+02   1.4689146e+02   3.1607065e+00
   4.8919725e+02   1.4663131e+02   3.7091770e+00
   4.8850975e+02   1.4636685e+02   3.4692904e+00
   4.8781309e+02   1.4608460e+02   3.3937913e+00
   4.8711184e+02   1.4579347e+02   3.2125750e+00
   4.8640144e+02   1.4548457e+02   3.7536357e+00
   4.8566409e+02   1.4516704e+02   4.2174021e+00
   4.8492675e+02   1.4484951e+02   3.9617784e+00
   4.8416677e+02   1.4450990e+02   3.7877311e+00
   4.8338444e+02   1.4417056e+02   3.5903432e+00
   4.8259294e+02   1.4381344e+02   4.0774370e+00
   4.8178340e+02   1.4344312e+02   3.9094739e+00
   4.8095149e+02   1.4307307e+02   4.3509776e+00
   4.8011959e+02   1.4270303e+02   4.7294094e+00
   4.7926963e+02   1.4231978e+02   4.5274684e+00
   4.7841079e+02   1.4194112e+02   4.8806872e+00
   4.7753389e+02   1.4154926e+02   5.1834462e+00
   4.7666158e+02   1.4116628e+02   5.4429539e+00
   4.7578927e+02   1.4078331e+02   5.6653891e+00
   4.7490806e+02   1.4040492e+02   5.8560478e+00
   4.7404033e+02   1.4003083e+02   6.0194695e+00
   4.7318148e+02   1.3965217e+02   6.1595453e+00
   4.7231375e+02   1.3927809e+02   5.6357322e+00
   4.7144171e+02   1.3891747e+02   5.8306276e+00
   4.7056509e+02   1.3854797e+02   5.2928983e+00
   4.6968873e+02   1.3820083e+02   5.5367700e+00
   4.6881696e+02   1.3786257e+02   5.1046465e+00
   4.6795435e+02   1.3754210e+02   4.7218183e+00
   4.6708744e+02   1.3723509e+02   4.3946164e+00
   4.6622968e+02   1.3694586e+02   4.0057476e+00
   4.6537677e+02   1.3668788e+02   3.7689015e+00
   4.6451956e+02   1.3644337e+02   3.5015383e+00
   4.6366262e+02   1.3622122e+02   3.2696874e+00
   4.6280595e+02   1.3602143e+02   3.0586929e+00
   4.6196302e+02   1.3584831e+02   2.9270232e+00
   4.6112925e+02   1.3569296e+02   2.7266361e+00
   4.6030034e+02   1.3556886e+02   2.6984698e+00
   4.5948947e+02   1.3545797e+02   2.5334726e+00
   4.5866999e+02   1.3537401e+02   2.3943516e+00
   4.5784189e+02   1.3531699e+02   2.4522298e+00
   4.5701837e+02   1.3526885e+02   2.4182002e+00
   4.5619055e+02   1.3523419e+02   2.3477719e+00
   4.5534952e+02   1.3521758e+02   2.2640331e+00
   4.5450877e+02   1.3522333e+02   2.1719274e+00
   4.5365940e+02   1.3525602e+02   2.8616521e+00
   4.5281002e+02   1.3528871e+02   2.6668604e+00
   4.5196551e+02   1.3535264e+02   2.5801984e+00
   4.5110779e+02   1.3543463e+02   2.6104074e+00
   4.5025465e+02   1.3552551e+02   2.6339752e+00
   4.4940610e+02   1.3562527e+02   2.5962559e+00
   4.4855323e+02   1.3573851e+02   2.5307092e+00
   4.4771842e+02   1.3586494e+02   2.5562280e+00
   4.4688818e+02   1.3600026e+02   2.5759093e+00
   4.4606253e+02   1.3614447e+02   2.5907619e+00
   4.4524146e+02   1.3629757e+02   3.2206531e+00
   4.4443386e+02   1.3645498e+02   3.7605598e+00
   4.4363514e+02   1.3660781e+02   4.2233370e+00
   4.4281865e+02   1.3676980e+02   4.6200031e+00
   4.4200216e+02   1.3693179e+02   4.9600027e+00
   4.4119914e+02   1.3709809e+02   5.2514309e+00
   4.4038722e+02   1.3726897e+02   5.5012264e+00
   4.3957531e+02   1.3743984e+02   5.7153370e+00
   4.3874562e+02   1.3761988e+02   5.8988602e+00
   4.3791593e+02   1.3779992e+02   6.0561659e+00
   4.3707277e+02   1.3797566e+02   6.1909994e+00
   4.3620294e+02   1.3816513e+02   6.3065709e+00
   4.3532423e+02   1.3835918e+02   6.4056322e+00
   4.3443204e+02   1.3854893e+02   6.4905419e+00
   4.3352208e+02   1.3874783e+02   6.5633216e+00
   4.3260322e+02   1.3895132e+02   6.6257042e+00
   4.3167090e+02   1.3915050e+02   6.6791751e+00
   4.3072079e+02   1.3935883e+02   6.7250072e+00
   4.2974833e+02   1.3956745e+02   6.7642919e+00
   4.2876240e+02   1.3977175e+02   6.7979645e+00
   4.2778536e+02   1.3997147e+02   6.8268267e+00
   4.2679943e+02   1.4017577e+02   6.8515657e+00
   4.2582239e+02   1.4037549e+02   6.2724476e+00
   4.2484965e+02   1.4056174e+02   6.3763837e+00
   4.2388581e+02   1.4074341e+02   6.4654717e+00
   4.2293543e+02   1.4092939e+02   5.8331422e+00
   4.2198479e+02   1.4109301e+02   5.9998362e+00
   4.2104303e+02   1.4125205e+02   6.1427168e+00
   4.2011905e+02   1.4140193e+02   5.5951752e+00
   4.1920827e+02   1.4153376e+02   5.1592305e+00
   4.1830180e+02   1.4165212e+02   4.7819938e+00
   4.1739964e+02   1.4175701e+02   5.0988519e+00
   4.1651525e+02   1.4185274e+02   4.6368011e+00
   4.1563060e+02   1.4192611e+02   4.2761130e+00
   4.1475914e+02   1.4198142e+02   3.9265456e+00
   4.1388741e+02   1.4201438e+02   3.7027213e+00
   4.1301999e+02   1.4203387e+02   4.1737611e+00
   4.1216145e+02   1.4204878e+02   3.8104669e+00
   4.1131154e+02   1.4203675e+02   3.5206799e+00
   4.1046135e+02   1.4200236e+02   4.0177257e+00
   4.0962005e+02   1.4196339e+02   3.6704157e+00
   4.0878737e+02   1.4189749e+02   4.1460706e+00
   4.0797705e+02   1.4183130e+02   3.8145109e+00
   4.0717993e+02   1.4174707e+02   3.5248400e+00
   4.0639600e+02   1.4164479e+02   4.0212915e+00
   4.0562097e+02   1.4153793e+02   3.6938540e+00
   4.0485913e+02   1.4141302e+02   3.4575476e+00
   4.0410160e+02   1.4127463e+02   3.2124652e+00
   4.0337074e+02   1.4112251e+02   3.0464853e+00
   4.0265766e+02   1.4096122e+02   3.6112731e+00
   4.0195346e+02   1.4079536e+02   3.3188945e+00
   4.0126247e+02   1.4061144e+02   3.1167561e+00
   4.0058925e+02   1.4041837e+02   3.6715052e+00
   3.9991603e+02   1.4022529e+02   3.4104558e+00
   3.9924713e+02   1.4001874e+02   3.1893986e+00
   3.9856906e+02   1.3979442e+02   3.1089352e+00
   3.9789988e+02   1.3956551e+02   3.6648016e+00
   3.9721723e+02   1.3933230e+02   4.1412585e+00
   3.9652111e+02   1.3909477e+02   3.8266143e+00
   3.9582930e+02   1.3884378e+02   4.2799551e+00
   3.9511054e+02   1.3858417e+02   4.0859105e+00
   3.9438721e+02   1.3831567e+02   4.5022090e+00
   3.9363236e+02   1.3802966e+02   4.8590363e+00
   3.9287293e+02   1.3773477e+02   4.5715359e+00
   3.9209114e+02   1.3744015e+02   4.2455106e+00
   3.9130019e+02   1.3712774e+02   4.6390091e+00
   3.9050466e+02   1.3680645e+02   4.9762935e+00
   3.8969565e+02   1.3648085e+02   5.2653944e+00
   3.8888665e+02   1.3615525e+02   5.5131952e+00
   3.8807307e+02   1.3582076e+02   5.7255959e+00
   3.8725491e+02   1.3547738e+02   5.2417700e+00
   3.8643243e+02   1.3514747e+02   4.8271710e+00
   3.8561427e+02   1.3480410e+02   5.1375751e+00
   3.8478264e+02   1.3445641e+02   5.4036358e+00
   3.8393753e+02   1.3410441e+02   4.9970779e+00
   3.8308327e+02   1.3373464e+02   5.2832097e+00
   3.8222012e+02   1.3336944e+02   4.9038171e+00
   3.8134780e+02   1.3298647e+02   4.5623442e+00
   3.8047118e+02   1.3261697e+02   4.2909926e+00
   3.7958540e+02   1.3222969e+02   4.6779936e+00
   3.7869961e+02   1.3184241e+02   5.0097088e+00
   3.7780036e+02   1.3145082e+02   5.2940361e+00
   3.7690111e+02   1.3105923e+02   5.5377453e+00
   3.7600185e+02   1.3066763e+02   5.1172245e+00
   3.7510691e+02   1.3026258e+02   5.3861924e+00
   3.7420307e+02   1.2986210e+02   5.6167364e+00
   3.7330382e+02   1.2947051e+02   5.1847972e+00
   3.7240887e+02   1.2906545e+02   4.8145636e+00
   3.7150962e+02   1.2867386e+02   4.5216893e+00
   3.7060121e+02   1.2826449e+02   4.8757336e+00
   3.6967932e+02   1.2785081e+02   5.1792003e+00
   3.6874855e+02   1.2744171e+02   4.8235129e+00
   3.6782208e+02   1.2701915e+02   5.1344396e+00
   3.6688673e+02   1.2660116e+02   5.4009482e+00
   3.6593332e+02   1.2616998e+02   5.6293842e+00
   3.6497992e+02   1.2573879e+02   5.8251865e+00
   3.6401304e+02   1.2530330e+02   5.9930170e+00
   3.6304159e+02   1.2485892e+02   6.1368717e+00
   3.6205666e+02   1.2441023e+02   6.2601757e+00
   3.6107174e+02   1.2396154e+02   6.3658649e+00
   3.6007334e+02   1.2350854e+02   6.4564556e+00
   3.5907037e+02   1.2304665e+02   6.5341048e+00
   3.5805851e+02   1.2258934e+02   6.6006613e+00
   3.5704206e+02   1.2212314e+02   6.6577097e+00
   3.5601215e+02   1.2165264e+02   6.7066083e+00
   3.5499570e+02   1.2118644e+02   6.7485214e+00
   3.5396579e+02   1.2071593e+02   6.7844469e+00
   3.5294476e+02   1.2024085e+02   6.8152402e+00
   3.5192832e+02   1.1977465e+02   6.8416345e+00
   3.5091187e+02   1.1930845e+02   6.2871002e+00
   3.4989974e+02   1.1882879e+02   5.8117850e+00
   3.4888329e+02   1.1836259e+02   5.9815300e+00
   3.4786227e+02   1.1788750e+02   6.1270257e+00
   3.4685471e+02   1.1741672e+02   6.2517363e+00
   3.4584257e+02   1.1693706e+02   5.7816006e+00
   3.4482613e+02   1.1647086e+02   5.3784914e+00
   3.4381399e+02   1.1599119e+02   5.6101355e+00
   3.4280186e+02   1.1551153e+02   5.8086876e+00
   3.4178083e+02   1.1503644e+02   5.4047906e+00
   3.4076411e+02   1.1454788e+02   5.6326777e+00
   3.3975198e+02   1.1406822e+02   5.8280094e+00
   3.3873984e+02   1.1358855e+02   5.9954367e+00
   3.3772771e+02   1.1310888e+02   6.1389457e+00
   3.3670668e+02   1.1263379e+02   5.6880055e+00
   3.3568996e+02   1.1214524e+02   5.3015487e+00
   3.3466894e+02   1.1167015e+02   5.5441846e+00
   3.3365680e+02   1.1119048e+02   5.7521582e+00
   3.3263120e+02   1.1070651e+02   5.9304213e+00
   3.3161017e+02   1.1023142e+02   6.0832183e+00
   3.3059804e+02   1.0975176e+02   6.2141871e+00
   3.2957701e+02   1.0927667e+02   6.3264461e+00
   3.2856487e+02   1.0879700e+02   6.4226681e+00
   3.2755732e+02   1.0832622e+02   6.5051441e+00
   3.2655434e+02   1.0786433e+02   6.5758378e+00
   3.2556484e+02   1.0740676e+02   6.6364324e+00
   3.2457991e+02   1.0695806e+02   6.1187565e+00
   3.2360415e+02   1.0652715e+02   6.2446484e+00
   3.2261950e+02   1.0610082e+02   5.7743696e+00
   3.2164401e+02   1.0569227e+02   5.2309769e+00
   3.2065990e+02   1.0531065e+02   5.4836945e+00
   3.1966690e+02   1.0493362e+02   4.9530779e+00
   3.1866986e+02   1.0459242e+02   5.2454953e+00
   3.1767741e+02   1.0426010e+02   4.7460950e+00
   3.1666745e+02   1.0395931e+02   4.4729513e+00
   3.1563971e+02   1.0366767e+02   4.0864076e+00
   3.1460793e+02   1.0341187e+02   3.9216804e+00
   3.1355837e+02   1.0316522e+02   3.6996370e+00
   3.1249562e+02   1.0293663e+02   3.5589481e+00
   3.1144203e+02   1.0272582e+02   3.3380333e+00
   3.1037982e+02   1.0254194e+02   3.8611714e+00
   3.0933566e+02   1.0237126e+02   3.7104439e+00
   3.0828719e+02   1.0221405e+02   3.4651970e+00
   3.0723010e+02   1.0208379e+02   3.9701688e+00
   3.0617760e+02   1.0196241e+02   4.4030019e+00
   3.0512967e+02   1.0184992e+02   4.1755146e+00
   3.0407744e+02   1.0175090e+02   3.9406233e+00
   3.0303437e+02   1.0166966e+02   4.3776771e+00
   3.0199588e+02   1.0159730e+02   4.1057543e+00
   3.0096655e+02   1.0154273e+02   4.5192180e+00
   2.9993722e+02   1.0148816e+02   4.8736154e+00
   2.9891247e+02   1.0144247e+02   5.1773846e+00
   2.9787883e+02   1.0140137e+02   5.4377583e+00
   2.9684977e+02   1.0136915e+02   5.6609357e+00
   2.9581182e+02   1.0134152e+02   5.8522306e+00
   2.9478276e+02   1.0130930e+02   6.0161976e+00
   2.9374481e+02   1.0128167e+02   5.5634526e+00
   2.9272491e+02   1.0126723e+02   5.7686736e+00
   2.9169155e+02   1.0124849e+02   5.9445774e+00
   2.9065818e+02   1.0122974e+02   6.0953520e+00
   2.8962023e+02   1.0120211e+02   6.2245875e+00
   2.8858686e+02   1.0118336e+02   6.3353607e+00
   2.8754003e+02   1.0116031e+02   6.4303092e+00
   2.8650208e+02   1.0113268e+02   6.5116936e+00
   2.8546871e+02   1.0111393e+02   6.5814516e+00
   2.8443076e+02   1.0108630e+02   6.6412443e+00
   2.8340628e+02   1.0106297e+02   6.6924951e+00
   2.8237292e+02   1.0104423e+02   6.1324663e+00
   2.8134386e+02   1.0101201e+02   6.2563997e+00
   2.8031480e+02   1.0097980e+02   5.7589604e+00
   2.7928143e+02   1.0096105e+02   5.9362518e+00
   2.7824348e+02   1.0093342e+02   6.0882158e+00
   2.7720553e+02   1.0090578e+02   6.2184707e+00
   2.7617217e+02   1.0088704e+02   6.3301177e+00
   2.7513422e+02   1.0085940e+02   6.4258152e+00
   2.7410085e+02   1.0084066e+02   6.5078416e+00
   2.7306748e+02   1.0082191e+02   6.5781499e+00
   2.7203412e+02   1.0080317e+02   6.6384142e+00
   2.7100075e+02   1.0078442e+02   6.6900693e+00
   2.6996738e+02   1.0076568e+02   6.1330227e+00
   2.6892970e+02   1.0076040e+02   6.2568766e+00
   2.6789203e+02   1.0075513e+02   6.3630371e+00
   2.6685435e+02   1.0074985e+02   6.4540318e+00
   2.6581209e+02   1.0073569e+02   6.5320272e+00
   2.6476984e+02   1.0072153e+02   6.5988805e+00
   2.6371869e+02   1.0071194e+02   6.6561833e+00
   2.6266754e+02   1.0070236e+02   6.7053000e+00
   2.6161640e+02   1.0069277e+02   6.7474000e+00
   2.6056983e+02   1.0069208e+02   6.7834857e+00
   2.5951869e+02   1.0068249e+02   6.8144163e+00
   2.5847212e+02   1.0068180e+02   6.8409283e+00
   2.5743445e+02   1.0067653e+02   6.8636528e+00
   2.5641024e+02   1.0067556e+02   6.8831310e+00
   2.5539950e+02   1.0067890e+02   6.2364461e+00
   2.5439793e+02   1.0070002e+02   6.3455253e+00
   2.5339635e+02   1.0072114e+02   6.4390217e+00
   2.5239936e+02   1.0075115e+02   6.5191614e+00
   2.5140236e+02   1.0078116e+02   5.9179424e+00
   2.5041453e+02   1.0082895e+02   6.0725221e+00
   2.4943558e+02   1.0087216e+02   6.2050189e+00
   2.4844775e+02   1.0091995e+02   6.3185876e+00
   2.4746449e+02   1.0097663e+02   6.4159323e+00
   2.4646346e+02   1.0104246e+02   6.4993705e+00
   2.4546701e+02   1.0111719e+02   6.5708890e+00
   2.4445709e+02   1.0118761e+02   6.6321906e+00
   2.4344717e+02   1.0125803e+02   6.6847348e+00
   2.4243725e+02   1.0132845e+02   6.7297727e+00
   2.4141385e+02   1.0139456e+02   6.7683766e+00
   2.4039504e+02   1.0146956e+02   6.1403668e+00
   2.3936707e+02   1.0152678e+02   5.6654811e+00
   2.3833479e+02   1.0159747e+02   5.2584361e+00
   2.3730682e+02   1.0165469e+02   5.5072310e+00
   2.3627885e+02   1.0171192e+02   5.7204837e+00
   2.3525977e+02   1.0176456e+02   5.9032717e+00
   2.3424957e+02   1.0181262e+02   5.4516525e+00
   2.3324369e+02   1.0184721e+02   5.6728450e+00
   2.3224669e+02   1.0187722e+02   5.8624386e+00
   2.3125859e+02   1.0190265e+02   5.3539183e+00
   2.3028368e+02   1.0191003e+02   5.5890728e+00
   2.2931766e+02   1.0191282e+02   5.7906339e+00
   2.2836942e+02   1.0190646e+02   5.9634004e+00
   2.2743896e+02   1.0189094e+02   5.4163092e+00
   2.2652170e+02   1.0185736e+02   5.6425507e+00
   2.2561332e+02   1.0181921e+02   5.1837553e+00
   2.2470925e+02   1.0176759e+02   4.7359148e+00
   2.2381839e+02   1.0169791e+02   4.3993731e+00
   2.2293183e+02   1.0161477e+02   4.7708912e+00
   2.2206763e+02   1.0153135e+02   4.3218927e+00
   2.2121205e+02   1.0142100e+02   4.7044795e+00
   2.2036993e+02   1.0131495e+02   4.2676082e+00
   2.1954991e+02   1.0118627e+02   4.6579499e+00
   2.1875224e+02   1.0105732e+02   4.2976823e+00
   2.1795888e+02   1.0091490e+02   4.6837277e+00
   2.1717441e+02   1.0076790e+02   4.3076343e+00
   2.1639380e+02   1.0060654e+02   3.9927446e+00
   2.1561749e+02   1.0043172e+02   4.4223525e+00
   2.1483705e+02   1.0024889e+02   4.0648794e+00
   2.1405910e+02   1.0004903e+02   4.4841824e+00
   2.1326584e+02   9.9841315e+01   4.1521115e+00
   2.1247689e+02   9.9620127e+01   3.9242032e+00
   2.1168153e+02   9.9386494e+01   4.3636028e+00
   2.1086904e+02   9.9141440e+01   4.0874125e+00
   2.1004875e+02   9.8881275e+01   3.7884524e+00
   2.0923003e+02   9.8602307e+01   3.5728049e+00
   2.0841562e+02   9.8309869e+01   3.4047913e+00
   2.0760643e+02   9.8005739e+01   3.2955704e+00
   2.0678991e+02   9.7687386e+01   3.0760021e+00
   2.0598476e+02   9.7347427e+01   3.6365733e+00
   2.0517503e+02   9.6998579e+01   3.4429460e+00
   2.0436915e+02   9.6635372e+01   3.9510965e+00
   2.0355869e+02   9.6263276e+01   3.6985632e+00
   2.0275070e+02   9.5874154e+01   4.1701970e+00
   2.0193905e+02   9.5477921e+01   3.8761346e+00
   2.0112850e+02   9.5061996e+01   3.7782926e+00
   2.0031154e+02   9.4633626e+01   3.6492213e+00
   1.9948634e+02   9.4189255e+01   3.4347082e+00
   1.9866132e+02   9.3723414e+01   3.9440356e+00
   1.9782329e+02   9.3254153e+01   3.6792846e+00
   1.9699983e+02   9.2769509e+01   4.1536725e+00
   1.9617225e+02   9.2276864e+01   3.8665128e+00
   1.9536016e+02   9.1770614e+01   4.3141538e+00
   1.9454394e+02   9.1256363e+01   3.9896895e+00
   1.9374138e+02   9.0724951e+01   3.7838310e+00
   1.9294267e+02   9.0179181e+01   4.2432837e+00
   1.9214397e+02   8.9633410e+01   4.1098194e+00
   1.9135460e+02   8.9083948e+01   3.8523599e+00
   1.9058394e+02   8.8527102e+01   4.3020228e+00
   1.8981556e+02   8.7974701e+01   4.1045925e+00
   1.8905470e+02   8.7415053e+01   3.9343222e+00
   1.8830135e+02   8.6848158e+01   3.8151140e+00
   1.8755690e+02   8.6276681e+01   3.7129355e+00
   1.8680355e+02   8.5709786e+01   3.5815452e+00
   1.8605680e+02   8.5133865e+01   3.5454313e+00
   1.8532032e+02   8.4556031e+01   3.4601177e+00
   1.8457586e+02   8.3984555e+01   3.2759125e+00
   1.8384918e+02   8.3403918e+01   3.8079250e+00
   1.8312113e+02   8.2820614e+01   4.2639357e+00
   1.8239308e+02   8.2237310e+01   4.1337235e+00
   1.8167575e+02   8.1652981e+01   4.5431916e+00
   1.8097234e+02   8.1073850e+01   4.2484103e+00
   1.8026463e+02   8.0508189e+01   3.9684097e+00
   1.7957836e+02   7.9940478e+01   4.4014940e+00
   1.7889347e+02   7.9375434e+01   4.1220956e+00
   1.7823322e+02   7.8814563e+01   4.5332248e+00
   1.7757573e+02   7.8259025e+01   4.3715475e+00
   1.7693078e+02   7.7706018e+01   4.7470407e+00
   1.7628767e+02   7.7156567e+01   5.0688920e+00
   1.7564547e+02   7.6608893e+01   4.7711246e+00
   1.7501400e+02   7.6060195e+01   5.0895354e+00
   1.7438344e+02   7.5513275e+01   5.3624589e+00
   1.7375518e+02   7.4970799e+01   5.5963933e+00
   1.7312737e+02   7.4429212e+01   5.2147508e+00
   1.7251028e+02   7.3886601e+01   4.8120757e+00
   1.7188705e+02   7.3353903e+01   5.1246363e+00
   1.7126382e+02   7.2821205e+01   5.3925454e+00
   1.7064151e+02   7.2290286e+01   4.9885817e+00
   1.7001122e+02   7.1765724e+01   4.7733902e+00
   1.6939441e+02   7.1245472e+01   4.4056026e+00
   1.6877328e+02   7.0738689e+01   4.7762308e+00
   1.6815719e+02   7.0241684e+01   5.0939121e+00
   1.6754477e+02   6.9751791e+01   4.6700625e+00
   1.6692804e+02   6.9275368e+01   4.2990351e+00
   1.6630746e+02   6.8813303e+01   3.9640660e+00
   1.6568440e+02   6.8368264e+01   3.7928294e+00
   1.6506867e+02   6.7937447e+01   3.4664764e+00
   1.6444158e+02   6.7528237e+01   3.2250180e+00
   1.6381338e+02   6.7138718e+01   3.0705798e+00
   1.6317904e+02   6.6759114e+01   2.9177647e+00
   1.6252418e+02   6.6383338e+01   3.5009412e+00
   1.6185768e+02   6.6006808e+01   3.4219835e+00
   1.6118091e+02   6.5632192e+01   3.3439338e+00
   1.6049434e+02   6.5260379e+01   3.8662290e+00
   1.5980823e+02   6.4889454e+01   3.7300592e+00
   1.5911231e+02   6.4521333e+01   4.1971936e+00
   1.5840475e+02   6.4152458e+01   4.5975945e+00
   1.5768647e+02   6.3784608e+01   4.9407953e+00
   1.5696591e+02   6.3412314e+01   4.5460716e+00
   1.5622573e+02   6.3045625e+01   4.8966328e+00
   1.5548876e+02   6.2685158e+01   5.1971138e+00
   1.5475407e+02   6.2329136e+01   4.7500536e+00
   1.5401600e+02   6.1988362e+01   4.3852104e+00
   1.5327316e+02   6.1660168e+01   4.0344532e+00
   1.5252830e+02   6.1349889e+01   3.7004938e+00
   1.5177070e+02   6.1058549e+01   3.5589092e+00
   1.5101906e+02   6.0778766e+01   3.2855156e+00
   1.5026906e+02   6.0524008e+01   3.0545206e+00
   1.4951979e+02   6.0292497e+01   2.8353564e+00
   1.4877354e+02   6.0088680e+01   2.6128242e+00
   1.4802325e+02   5.9920691e+01   2.4745790e+00
   1.4728533e+02   5.9776704e+01   2.3042582e+00
   1.4655410e+02   5.9667520e+01   2.1733490e+00
   1.4583798e+02   5.9587671e+01   2.0288326e+00
   1.4511874e+02   5.9545428e+01   1.9332122e+00
   1.4441370e+02   5.9530742e+01   1.8253229e+00
   1.4371535e+02   5.9550860e+01   1.7265457e+00
   1.4302460e+02   5.9607560e+01   1.6429676e+00
   1.4235125e+02   5.9698039e+01   1.5712625e+00
   1.4169439e+02   5.9820519e+01   1.5041785e+00
   1.4106428e+02   5.9973087e+01   1.4341279e+00
   1.4044315e+02   6.0164904e+01   1.3825489e+00
   1.3985721e+02   6.0381338e+01   1.3356967e+00
   1.3927795e+02   6.0632577e+01   1.3024947e+00
   1.3872223e+02   6.0907681e+01   1.2793723e+00
   1.3817980e+02   6.1208563e+01   1.2497386e+00
   1.3765249e+02   6.1538780e+01   1.2369099e+00
   1.3714643e+02   6.1888417e+01   1.2233136e+00
   1.3666163e+02   6.2257475e+01   1.2554033e+00
   1.3617710e+02   6.2648892e+01   1.2618135e+00
   1.3571859e+02   6.3047149e+01   1.3064190e+00
   1.3525944e+02   6.3465986e+01   1.3432768e+00
   1.3482265e+02   6.3884552e+01   1.4825757e+00
   1.3438907e+02   6.4309340e+01   1.5976131e+00
   1.3396620e+02   6.4733104e+01   2.3693827e+00
   1.3354426e+02   6.5158645e+01   2.3641805e+00
   1.3314009e+02   6.5575025e+01   3.0264404e+00
   1.3274206e+02   6.5981491e+01   3.0066267e+00
   1.3234220e+02   6.6384402e+01   2.8042885e+00
   1.3193638e+02   6.6775756e+01   2.6485035e+00
   1.3152553e+02   6.7157333e+01   2.5025173e+00
   1.3110918e+02   6.7528242e+01   2.3329165e+00
   1.3068459e+02   6.7883150e+01   2.1881653e+00
   1.3023580e+02   6.8234775e+01   2.0666431e+00
   1.2977877e+02   6.8570399e+01   1.9726132e+00
   1.2931441e+02   6.8891800e+01   1.9322127e+00
   1.2882815e+02   6.9214362e+01   2.6561823e+00
   1.2833300e+02   6.9541505e+01   3.2767277e+00
   1.2783033e+02   6.9875894e+01   3.8086237e+00
   1.2732767e+02   7.0210284e+01   4.2645346e+00
   1.2681520e+02   7.0547477e+01   4.6553154e+00
   1.2628586e+02   7.0895608e+01   4.9902703e+00
   1.2576404e+02   7.1236492e+01   5.2773746e+00
   1.2523242e+02   7.1580179e+01   4.9302054e+00
   1.2469008e+02   7.1924890e+01   4.6329629e+00
   1.2414544e+02   7.2265157e+01   4.3000756e+00
   1.2358871e+02   7.2603782e+01   4.0234417e+00
   1.2303720e+02   7.2930715e+01   3.7073538e+00
   1.2247131e+02   7.3251562e+01   3.4244271e+00
   1.2190790e+02   7.3555383e+01   3.1863822e+00
   1.2133853e+02   7.3847648e+01   2.9481914e+00
   1.2077026e+02   7.4120221e+01   2.7501659e+00
   1.2019466e+02   7.4378570e+01   2.5683720e+00
   1.1962017e+02   7.4617228e+01   2.4280584e+00
   1.1904815e+02   7.4838860e+01   2.2737046e+00
   1.1847632e+02   7.5039023e+01   2.1427154e+00
   1.1790513e+02   7.5218603e+01   2.0507800e+00
   1.1732662e+02   7.5383962e+01   1.9299416e+00
   1.1675672e+02   7.5522380e+01   1.9057468e+00
   1.1617152e+02   7.5652934e+01   1.8375330e+00
   1.1558834e+02   7.5765574e+01   1.7977433e+00
   1.1499828e+02   7.5864880e+01   1.7740426e+00
   1.1440182e+02   7.5951741e+01   1.7137091e+00
   1.1380645e+02   7.6018910e+01   1.6897121e+00
   1.1320376e+02   7.6071855e+01   1.6877370e+00
   1.1259466e+02   7.6112356e+01   1.7085143e+00
   1.1198006e+02   7.6142190e+01   1.6876633e+00
   1.1136885e+02   7.6156776e+01   1.6559267e+00
   1.1076012e+02   7.6154337e+01   2.4193658e+00
   1.1014909e+02   7.6147453e+01   2.3005910e+00
   1.0954192e+02   7.6126211e+01   2.2402017e+00
   1.0894089e+02   7.6095054e+01   2.9201729e+00
   1.0832639e+02   7.6059589e+01   2.7731867e+00
   1.0771803e+02   7.6014209e+01   3.3770172e+00
   1.0711902e+02   7.5965138e+01   3.8945862e+00
   1.0651955e+02   7.5915178e+01   3.6780366e+00
   1.0592851e+02   7.5859749e+01   4.1526028e+00
   1.0532858e+02   7.5808900e+01   3.8458623e+00
   1.0473571e+02   7.5749914e+01   4.2964534e+00
   1.0413395e+02   7.5695510e+01   4.6826743e+00
   1.0353035e+02   7.5637549e+01   4.3388310e+00
   1.0291879e+02   7.5585948e+01   4.0262588e+00
   1.0231474e+02   7.5527098e+01   3.7298555e+00
   1.0170408e+02   7.5477274e+01   4.1970190e+00
   1.0110232e+02   7.5422870e+01   3.8889567e+00
   1.0049351e+02   7.5376601e+01   4.3333914e+00
   9.9886520e+01   7.5333888e+01   3.9794198e+00
   9.9274741e+01   7.5301521e+01   3.7391593e+00
   9.8666626e+01   7.5276264e+01   3.4591787e+00
   9.8064465e+01   7.5262564e+01   3.2102709e+00
   9.7462899e+01   7.5260932e+01   2.9762186e+00
   9.6864189e+01   7.5273577e+01   2.8035747e+00
   9.6267851e+01   7.5297375e+01   2.6073639e+00
   9.5673509e+01   7.5338144e+01   2.4578306e+00
   9.5079788e+01   7.5393217e+01   2.3072302e+00
   9.4489409e+01   7.5465692e+01   2.2113915e+00
   9.3893832e+01   7.5552095e+01   2.1059108e+00
   9.3288640e+01   7.5656952e+01   2.0318919e+00
   9.2671139e+01   7.5779401e+01   1.9679360e+00
   9.2040899e+01   7.5920789e+01   1.9314997e+00
   9.1398349e+01   7.6079770e+01   1.9078210e+00
   9.0747504e+01   7.6255399e+01   1.8858234e+00
   9.0088822e+01   7.6448567e+01   1.8694753e+00
   8.9425427e+01   7.6658787e+01   1.9061682e+00
   8.8756377e+01   7.6882046e+01   1.8970566e+00
   8.8082614e+01   7.7122358e+01   1.9193581e+00
   8.7405889e+01   7.7376570e+01   1.9148611e+00
   8.6731133e+01   7.7645518e+01   1.9859432e+00
   8.6061388e+01   7.7922007e+01   1.9775109e+00
   8.5399834e+01   7.8210026e+01   2.0240216e+00
   8.4749971e+01   7.8503270e+01   2.0564808e+00
   8.4109134e+01   7.8803112e+01   2.0964032e+00
   8.3472419e+01   7.9110955e+01   2.7969170e+00
   8.2836216e+01   7.9424159e+01   2.7764940e+00
   8.2202331e+01   7.9744043e+01   2.7908468e+00
   8.1565861e+01   8.0072009e+01   3.3921544e+00
   8.0924112e+01   8.0407195e+01   3.9075609e+00
   8.0276167e+01   8.0747823e+01   4.3493380e+00
   7.9626041e+01   8.1092950e+01   4.7280040e+00
   7.8975942e+01   8.1440314e+01   5.0525748e+00
   7.8327163e+01   8.1785872e+01   5.3307784e+00
   7.7673912e+01   8.2131484e+01   5.5692386e+00
   7.7017105e+01   8.2478929e+01   5.7736331e+00
   7.6360702e+01   8.2822791e+01   5.9488284e+00
   7.5707369e+01   8.3161696e+01   5.5221297e+00
   7.5056622e+01   8.3492519e+01   5.1524557e+00
   7.4406682e+01   8.3816176e+01   4.7216390e+00
   7.3759703e+01   8.4125933e+01   4.3865210e+00
   7.3107714e+01   8.4428147e+01   4.0096465e+00
   7.2443493e+01   8.4717540e+01   3.7300080e+00
   7.1766205e+01   8.4999041e+01   3.4492244e+00
   7.1073562e+01   8.5268206e+01   3.2523304e+00
   7.0373186e+01   8.5526731e+01   3.0273833e+00
   6.9661870e+01   8.5768394e+01   2.8234289e+00
   6.8935576e+01   8.5991902e+01   2.6365167e+00
   6.8194705e+01   8.6193671e+01   2.4877419e+00
   6.7441062e+01   8.6375023e+01   2.3549670e+00
   6.6676858e+01   8.6533694e+01   2.2436802e+00
   6.5905216e+01   8.6669198e+01   2.1481423e+00
   6.5127025e+01   8.6781078e+01   2.0779767e+00
   6.4350798e+01   8.6870571e+01   1.9995857e+00
   6.3571578e+01   8.6934608e+01   1.9389243e+00
   6.2791171e+01   8.6974508e+01   1.8790585e+00
   6.2008659e+01   8.6988493e+01   1.8500152e+00
   6.1224098e+01   8.6981035e+01   1.8258424e+00
   6.0445542e+01   8.6952484e+01   1.8149575e+00
   5.9675254e+01   8.6905048e+01   1.8323990e+00
   5.8904775e+01   8.6841960e+01   1.8871669e+00
   5.8133703e+01   8.6766804e+01   1.9224934e+00
   5.7353066e+01   8.6677453e+01   1.9499711e+00
   5.6562406e+01   8.6573017e+01   2.0381900e+00
   5.5759083e+01   8.6457106e+01   2.0964244e+00
   5.4956972e+01   8.6330447e+01   2.7969352e+00
   5.4149392e+01   8.6195356e+01   3.3973730e+00
   5.3412149e+01   8.6070145e+01   3.9120340e+00
   5.2746536e+01   8.5950771e+01   4.3531720e+00
   5.2147275e+01   8.5844455e+01   4.7312903e+00
   5.1612560e+01   8.5749878e+01   5.0553917e+00
   5.1148668e+01   8.5668304e+01   5.0553917e+00
